0 0 0 0 0 0 0 0 0 0 0 0 0 0 0 0 0 0 0 0 0 0 0 0 0 0 0 0 0 0 0 0 0 0 0 0 0 0 0 0 0 0 0 0 0 0 0 0 0 0 0 0 0 0 0 0 0 0 0 0 0 0 0 0 0 0 0 0 0 0 0 0 0 0 0 0 0 0 0 0 0 0 0 0 0 0 0 0 0 0 0 0 0 0 0 0 0 0 0 1 
0 0.000159937 0.000319935 0.000480053 0.000640353 0.000800896 0.000961746 0.00112297 0.00128463 0.00144679 0.00160953 0.00177292 0.00193703 0.00210195 0.00226776 0.00243453 0.00260237 0.00277137 0.00294162 0.00311323 0.00328631 0.00346097 0.00363734 0.00381554 0.00399571 0.00417798 0.00436251 0.00454945 0.00473897 0.00493123 0.00512643 0.00532475 0.0055264 0.0057316 0.00594057 0.00615355 0.0063708 0.00659259 0.00681919 0.00705092 0.00728809 0.00753104 0.00778014 0.00803576 0.00829833 0.00856828 0.00884608 0.00913223 0.00942726 0.00973176 0.0100464 0.0103717 0.0107085 0.0110576 0.0114198 0.0117961 0.0121874 0.0125948 0.0130195 0.0134629 0.0139264 0.0144116 0.0149203 0.0154543 0.0160159 0.0166076 0.0172319 0.0178921 0.0185914 0.0193339 0.0201239 0.0209666 0.0218677 0.022834 0.0238731 0.0249942 0.026208 0.027527 0.0289661 0.0305434 0.0322806 0.0342043 0.0363473 0.0387506 0.0414662 0.044561 0.0481223 0.0522666 0.0571527 0.0630028 0.0701375 0.0790371 0.0904543 0.105636 0.126797 0.158232 0.209192 0.302216 0.499934 1 
0 0.000319935 0.000639989 0.000960285 0.00128094 0.00160209 0.00192384 0.00224634 0.0025697 0.00289408 0.0032196 0.00354642 0.00387468 0.00420455 0.00453618 0.00486975 0.00520544 0.00554344 0.00588394 0.00622716 0.0065733 0.00692261 0.00727532 0.00763168 0.00799197 0.00835645 0.00872544 0.00909924 0.00947818 0.00986261 0.0102529 0.0106494 0.0110526 0.0114628 0.0118806 0.0123063 0.0127406 0.013184 0.0136369 0.0141001 0.0145741 0.0150597 0.0155576 0.0160684 0.0165932 0.0171326 0.0176877 0.0182595 0.018849 0.0194574 0.0200859 0.0207359 0.0214088 0.0221061 0.0228296 0.0235811 0.0243625 0.0251761 0.0260243 0.0269096 0.027835 0.0288036 0.0298189 0.0308847 0.0320055 0.033186 0.0344316 0.0357484 0.0371431 0.0386236 0.0401985 0.041878 0.0436734 0.045598 0.0476672 0.0498987 0.0523136 0.0549365 0.0577967 0.0609295 0.0643772 0.0681916 0.0724363 0.0771909 0.0825552 0.0886573 0.0956633 0.103793 0.113343 0.124722 0.138511 0.155558 0.177145 0.205293 0.243322 0.296941 0.37632 0.499737 0.697521 1 
0 0.000480053 0.000960285 0.00144088 0.00192201 0.00240386 0.00288663 0.0033705 0.00385568 0.00434236 0.00483075 0.00532107 0.00581355 0.00630843 0.00680594 0.00730635 0.00780992 0.00831693 0.00882769 0.0093425 0.00986168 0.0103856 0.0109146 0.011449 0.0119893 0.0125359 0.0130892 0.0136497 0.0142179 0.0147943 0.0153794 0.0159739 0.0165783 0.0171932 0.0178194 0.0184576 0.0191085 0.0197729 0.0204517 0.0211458 0.0218562 0.0225837 0.0233296 0.024095 0.0248811 0.0256892 0.0265206 0.027377 0.0282599 0.0291709 0.030112 0.0310852 0.0320926 0.0331364 0.0342193 0.035344 0.0365134 0.0377308 0.0389997 0.040324 0.041708 0.0431564 0.0446743 0.0462676 0.0479426 0.0497065 0.0515672 0.0535336 0.0556159 0.0578255 0.0601752 0.0626797 0.0653561 0.0682236 0.0713047 0.0746255 0.0782166 0.0821139 0.0863599 0.0910054 0.0961117 0.101753 0.10802 0.115025 0.12291 0.131853 0.142084 0.153902 0.167706 0.184035 0.20363 0.22754 0.257277 0.295069 0.344259 0.40989 0.49941 0.622892 0.790414 1 
0 0.000640353 0.00128094 0.00192201 0.00256379 0.00320653 0.00385047 0.00449588 0.00514301 0.00579213 0.00644352 0.00709747 0.00775428 0.00841425 0.00907772 0.00974502 0.0104165 0.0110926 0.0117736 0.01246 0.0131521 0.0138506 0.0145558 0.0152682 0.0159884 0.0167169 0.0174543 0.0182013 0.0189584 0.0197265 0.0205061 0.0212981 0.0221033 0.0229225 0.0237566 0.0246066 0.0254735 0.0263583 0.0272622 0.0281864 0.0291322 0.0301008 0.0310937 0.0321124 0.0331586 0.034234 0.0353404 0.0364798 0.0376544 0.0388663 0.040118 0.0414123 0.0427518 0.0441396 0.0455792 0.0470741 0.0486281 0.0502457 0.0519313 0.0536903 0.0555281 0.057451 0.0594657 0.0615799 0.0638018 0.0661409 0.0686076 0.0712135 0.0739717 0.0768972 0.0800067 0.0833193 0.0868569 0.0906446 0.0947113 0.0990907 0.103822 0.108951 0.114531 0.120628 0.127318 0.134695 0.142871 0.151987 0.162213 0.173767 0.186922 0.202031 0.21955 0.240084 0.264437 0.293699 0.329356 0.37345 0.428757 0.498953 0.588537 0.70201 0.841243 1 
0 0.000800896 0.00160209 0.00240386 0.00320653 0.00401038 0.00481572 0.00562288 0.00643216 0.00724392 0.00805848 0.00887621 0.00969748 0.0105227 0.0113522 0.0121865 0.0130259 0.0138711 0.0147224 0.0155803 0.0164454 0.0173183 0.0181996 0.0190898 0.0199897 0.0208999 0.0218212 0.0227543 0.0237 0.0246593 0.025633 0.026622 0.0276274 0.0286502 0.0296916 0.0307527 0.0318347 0.0329391 0.0340671 0.0352203 0.0364003 0.0376086 0.0388472 0.0401178 0.0414225 0.0427635 0.0441429 0.0455633 0.0470273 0.0485377 0.0500975 0.0517099 0.0533785 0.0551071 0.0568996 0.0587607 0.0606951 0.062708 0.0648052 0.0669931 0.0692784 0.0716688 0.0741726 0.0767991 0.0795585 0.0824622 0.0855229 0.0887548 0.0921739 0.0957982 0.0996481 0.103747 0.10812 0.112799 0.117817 0.123215 0.12904 0.135346 0.142196 0.149667 0.157848 0.166847 0.176793 0.187845 0.200196 0.214086 0.229813 0.247754 0.268386 0.292319 0.320341 0.353466 0.393004 0.440619 0.498369 0.568629 0.653778 0.755368 0.872547 1 
0 0.000961746 0.00192384 0.00288663 0.00385047 0.00481572 0.00578274 0.00675191 0.00772361 0.00869823 0.00967619 0.0106579 0.0116438 0.0126344 0.0136301 0.0146315 0.015639 0.0166532 0.0176748 0.0187042 0.0197423 0.0207895 0.0218467 0.0229145 0.0239939 0.0250855 0.0261903 0.0273092 0.0284431 0.0295931 0.0307602 0.0319457 0.0331506 0.0343762 0.035624 0.0368952 0.0381913 0.0395141 0.040865 0.0422459 0.0436586 0.0451052 0.0465877 0.0481084 0.0496696 0.051274 0.0529241 0.054623 0.0563737 0.0581796 0.0600442 0.0619713 0.0639652 0.0660303 0.0681714 0.0703937 0.0727031 0.0751055 0.0776079 0.0802176 0.0829427 0.0857921 0.0887755 0.0919038 0.095189 0.0986443 0.102285 0.106126 0.110188 0.11449 0.119057 0.123915 0.129093 0.134628 0.140557 0.146928 0.153791 0.16121 0.169254 0.178008 0.187571 0.198062 0.209619 0.222414 0.236649 0.252576 0.270499 0.290794 0.313927 0.340473 0.371146 0.406826 0.448578 0.497659 0.555473 0.623419 0.70258 0.793139 0.893579 1 
0 0.00112297 0.00224634 0.0033705 0.00449588 0.00562288 0.00675191 0.00788341 0.00901783 0.0101556 0.0112972 0.0124432 0.0135939 0.0147501 0.0159121 0.0170807 0.0182564 0.0194398 0.0206316 0.0218326 0.0230434 0.0242649 0.0254978 0.0267431 0.0280016 0.0292743 0.0305622 0.0318664 0.033188 0.0345281 0.0358881 0.0372691 0.0386727 0.0401003 0.0415534 0.0430336 0.0445426 0.0460824 0.0476548 0.0492618 0.0509056 0.0525885 0.0543129 0.0560814 0.0578968 0.059762 0.0616801 0.0636545 0.0656886 0.0677865 0.0699521 0.0721898 0.0745045 0.0769012 0.0793855 0.0819634 0.0846414 0.0874265 0.0903265 0.0933498 0.0965055 0.0998039 0.103256 0.106874 0.110671 0.114663 0.118866 0.123298 0.127981 0.132938 0.138195 0.143781 0.14973 0.15608 0.162875 0.170164 0.178005 0.186463 0.195617 0.205555 0.216382 0.228222 0.241222 0.255553 0.271424 0.289081 0.308823 0.331006 0.356062 0.384506 0.416952 0.454119 0.496828 0.545973 0.602447 0.666999 0.739986 0.821029 0.908632 1 
0 0.00128463 0.0025697 0.00385568 0.00514301 0.00643216 0.00772361 0.00901783 0.0103153 0.0116166 0.0129222 0.0142326 0.0155485 0.0168705 0.0181991 0.019535 0.0208789 0.0222316 0.0235938 0.0249662 0.0263498 0.0277453 0.0291538 0.0305763 0.0320136 0.033467 0.0349376 0.0364266 0.0379352 0.0394647 0.0410167 0.0425925 0.0441938 0.0458222 0.0474795 0.0491674 0.050888 0.0526432 0.0544353 0.0562666 0.0581395 0.0600566 0.0620206 0.0640345 0.0661013 0.0682244 0.0704072 0.0726536 0.0749675 0.0773533 0.0798155 0.0823591 0.0849895 0.0877123 0.0905337 0.0934606 0.0965 0.0996599 0.102949 0.106376 0.109952 0.113688 0.117596 0.12169 0.125984 0.130495 0.135242 0.140244 0.145525 0.151109 0.157025 0.163306 0.169987 0.177109 0.184718 0.192868 0.201619 0.211041 0.221213 0.232229 0.244196 0.25724 0.271506 0.287167 0.304424 0.323514 0.344716 0.368357 0.39482 0.424547 0.458045 0.495878 0.538649 0.586962 0.641348 0.702146 0.76934 0.84236 0.919921 1 
0 0.00144679 0.00289408 0.00434236 0.00579213 0.00724392 0.00869823 0.0101556 0.0116166 0.0130818 0.0145517 0.016027 0.0175083 0.0189963 0.0204917 0.0219951 0.0235075 0.0250295 0.026562 0.0281059 0.0296621 0.0312316 0.0328155 0.0344148 0.0360307 0.0376643 0.0393171 0.0409902 0.0426851 0.0444034 0.0461465 0.0479161 0.049714 0.051542 0.0534021 0.0552963 0.0572267 0.0591957 0.0612057 0.0632592 0.065359 0.0675078 0.0697088 0.0719652 0.0742804 0.076658 0.079102 0.0816166 0.084206 0.0868752 0.0896292 0.0924733 0.0954136 0.0984562 0.101608 0.104876 0.108269 0.111795 0.115464 0.119285 0.12327 0.127431 0.131781 0.136335 0.141109 0.146121 0.151391 0.156939 0.162792 0.168974 0.175518 0.182456 0.189827 0.197674 0.206044 0.214994 0.224585 0.234888 0.245986 0.257972 0.270953 0.285052 0.300414 0.317202 0.335607 0.35585 0.378184 0.402899 0.430324 0.460827 0.494813 0.532707 0.574936 0.621886 0.673842 0.730902 0.79287 0.859153 0.928694 1 
0 0.00160953 0.0032196 0.00483075 0.00644352 0.00805848 0.00967619 0.0112972 0.0129222 0.0145517 0.0161864 0.0178269 0.019474 0.0211284 0.0227908 0.024462 0.0261429 0.0278343 0.0295372 0.0312525 0.0329813 0.0347247 0.0364837 0.0382595 0.0400535 0.041867 0.0437013 0.045558 0.0474385 0.0493445 0.0512778 0.0532401 0.0552335 0.0572598 0.0593212 0.06142 0.0635586 0.0657394 0.0679651 0.0702386 0.0725627 0.0749406 0.0773757 0.0798714 0.0824316 0.0850601 0.0877614 0.0905398 0.0934002 0.0963478 0.0993881 0.102527 0.105771 0.109126 0.112601 0.116203 0.119941 0.123823 0.12786 0.132064 0.136445 0.141017 0.145795 0.150793 0.156029 0.161521 0.167291 0.173362 0.179758 0.186509 0.193645 0.201202 0.20922 0.217742 0.226817 0.236503 0.246862 0.257965 0.269894 0.282741 0.296611 0.311623 0.327913 0.345636 0.364969 0.38611 0.409285 0.434743 0.462762 0.493637 0.527683 0.565211 0.606509 0.65181 0.701237 0.754753 0.812089 0.872691 0.935703 1 
0 0.00177292 0.00354642 0.00532107 0.00709747 0.00887621 0.0106579 0.0124432 0.0142326 0.016027 0.0178269 0.0196331 0.0214464 0.0232675 0.0250972 0.0269364 0.028786 0.030647 0.0325204 0.0344071 0.0363084 0.0382254 0.0401593 0.0421114 0.0440831 0.0460759 0.0480912 0.0501306 0.0521959 0.0542888 0.0564112 0.058565 0.0607524 0.0629756 0.0652368 0.0675385 0.0698832 0.0722737 0.0747129 0.0772038 0.0797496 0.0823537 0.0850196 0.0877513 0.0905527 0.0934282 0.0963824 0.09942 0.102546 0.105767 0.109088 0.112515 0.116056 0.119717 0.123506 0.127433 0.131506 0.135734 0.14013 0.144703 0.149467 0.154436 0.159625 0.165049 0.170727 0.176679 0.182926 0.189492 0.196404 0.20369 0.211383 0.219519 0.228138 0.237285 0.24701 0.257367 0.268422 0.280243 0.29291 0.306512 0.32115 0.336937 0.354 0.372482 0.392541 0.414355 0.438119 0.464044 0.492356 0.52329 0.557083 0.593954 0.63409 0.677614 0.724552 0.774791 0.828044 0.883822 0.941429 1 
0 0.00193703 0.00387468 0.00581355 0.00775428 0.00969748 0.0116438 0.0135939 0.0155485 0.0175083 0.019474 0.0214464 0.0234263 0.0254144 0.0274118 0.0294193 0.0314379 0.0334686 0.0355125 0.0375707 0.0396444 0.0417348 0.0438434 0.0459714 0.0481204 0.0502919 0.0524875 0.054709 0.0569581 0.0592369 0.0615472 0.0638913 0.0662714 0.0686898 0.071149 0.0736516 0.0762004 0.0787984 0.0814486 0.0841542 0.0869187 0.0897458 0.0926393 0.0956032 0.0986419 0.10176 0.104962 0.108254 0.111641 0.115129 0.118724 0.122433 0.126263 0.130222 0.134318 0.13856 0.142957 0.147521 0.152262 0.157193 0.162326 0.167677 0.173259 0.179092 0.185192 0.191581 0.19828 0.205315 0.212712 0.220501 0.228714 0.237388 0.246563 0.256284 0.2666 0.277566 0.289244 0.301703 0.315017 0.329274 0.344566 0.361 0.378692 0.397771 0.418379 0.44067 0.46481 0.490973 0.519343 0.5501 0.583416 0.619443 0.658292 0.700013 0.744571 0.79182 0.84148 0.893126 0.946192 1 
0 0.00210195 0.00420455 0.00630843 0.00841425 0.0105227 0.0126344 0.0147501 0.0168705 0.0189963 0.0211284 0.0232675 0.0254144 0.0275702 0.0297356 0.0319117 0.0340995 0.0363001 0.0385146 0.0407443 0.0429903 0.0452541 0.047537 0.0498406 0.0521664 0.054516 0.0568912 0.0592939 0.061726 0.0641896 0.0666867 0.0692196 0.0717908 0.0744027 0.0770581 0.0797596 0.0825103 0.0853133 0.0881718 0.0910893 0.0940694 0.0971161 0.100233 0.103426 0.106697 0.110054 0.113499 0.11704 0.120682 0.124431 0.128293 0.132276 0.136388 0.140636 0.145029 0.149577 0.154289 0.159177 0.164252 0.169526 0.175013 0.180729 0.186688 0.19291 0.199411 0.206214 0.213341 0.220817 0.228668 0.236926 0.245622 0.254793 0.264479 0.274723 0.285574 0.297087 0.309319 0.322337 0.336214 0.351028 0.366868 0.383831 0.402022 0.421556 0.442557 0.465157 0.489496 0.515715 0.543959 0.574365 0.607054 0.642124 0.679633 0.719584 0.761908 0.806445 0.852935 0.901013 0.950215 1 
0 0.00226776 0.00453618 0.00680594 0.00907772 0.0113522 0.0136301 0.0159121 0.0181991 0.0204917 0.0227908 0.0250972 0.0274118 0.0297356 0.0320695 0.0344146 0.0367719 0.0391426 0.0415278 0.043929 0.0463473 0.0487842 0.0512413 0.05372 0.0562221 0.0587493 0.0613035 0.0638866 0.0665006 0.0691477 0.0718303 0.0745506 0.0773113 0.080115 0.0829645 0.0858628 0.088813 0.0918184 0.0948824 0.0980087 0.101201 0.104464 0.107801 0.111218 0.114718 0.118307 0.121991 0.125775 0.129666 0.133669 0.137792 0.142042 0.146427 0.150956 0.155637 0.16048 0.165496 0.170695 0.176091 0.181694 0.187521 0.193585 0.199903 0.206494 0.213375 0.220569 0.228098 0.235986 0.244262 0.252955 0.262097 0.271724 0.281875 0.292593 0.303925 0.315923 0.328643 0.342148 0.356504 0.371787 0.388077 0.405462 0.424035 0.443899 0.465159 0.487929 0.512322 0.538453 0.566433 0.596362 0.628325 0.662378 0.698544 0.736793 0.777039 0.819122 0.862807 0.90778 0.953657 1 
0 0.00243453 0.00486975 0.00730635 0.00974502 0.0121865 0.0146315 0.0170807 0.019535 0.0219951 0.024462 0.0269364 0.0294193 0.0319117 0.0344146 0.036929 0.0394562 0.0419972 0.0445534 0.047126 0.0497166 0.0523266 0.0549575 0.057611 0.060289 0.0629931 0.0657254 0.0684879 0.0712828 0.0741124 0.076979 0.0798853 0.0828338 0.0858273 0.0888689 0.0919617 0.0951089 0.0983139 0.101581 0.104912 0.108314 0.111789 0.115342 0.118978 0.122702 0.12652 0.130436 0.134458 0.138591 0.142842 0.147218 0.151727 0.156377 0.161177 0.166137 0.171265 0.176572 0.182071 0.187774 0.193693 0.199843 0.206239 0.212898 0.219837 0.227077 0.234638 0.242542 0.250816 0.259485 0.268579 0.278131 0.288174 0.298746 0.30989 0.321651 0.334076 0.347221 0.361142 0.375904 0.391573 0.408224 0.425934 0.444788 0.464872 0.486279 0.509101 0.533432 0.559363 0.586976 0.616344 0.647521 0.680535 0.715382 0.752017 0.790342 0.830206 0.871397 0.913646 0.956634 1 
0 0.00260237 0.00520544 0.00780992 0.0104165 0.0130259 0.015639 0.0182564 0.0208789 0.0235075 0.0261429 0.028786 0.0314379 0.0340995 0.0367719 0.0394562 0.0421535 0.0448651 0.0475924 0.0503367 0.0530995 0.0558824 0.0586869 0.0615149 0.0643681 0.0672485 0.0701582 0.0730992 0.0760739 0.0790847 0.082134 0.0852245 0.0883591 0.0915405 0.0947721 0.0980569 0.101398 0.1048 0.108266 0.111801 0.115407 0.119091 0.122855 0.126707 0.13065 0.13469 0.138834 0.143087 0.147456 0.151947 0.156569 0.161329 0.166236 0.171298 0.176525 0.181927 0.187515 0.193301 0.199297 0.205516 0.211974 0.218684 0.225665 0.232934 0.24051 0.248414 0.25667 0.2653 0.274332 0.283795 0.29372 0.30414 0.315092 0.326615 0.338753 0.351552 0.365061 0.379335 0.394432 0.410413 0.427345 0.445296 0.46434 0.484553 0.506011 0.528791 0.552968 0.578612 0.605785 0.634536 0.664896 0.696874 0.730448 0.765561 0.802115 0.839969 0.878934 0.918779 0.959233 1 
0 0.00277137 0.00554344 0.00831693 0.0110926 0.0138711 0.0166532 0.0194398 0.0222316 0.0250295 0.0278343 0.030647 0.0334686 0.0363001 0.0391426 0.0419972 0.0448651 0.0477477 0.0506463 0.0535624 0.0564974 0.059453 0.0624309 0.065433 0.068461 0.0715171 0.0746033 0.0777219 0.0808753 0.0840659 0.0872964 0.0905696 0.0938883 0.0972556 0.100675 0.104149 0.107682 0.111278 0.114941 0.118673 0.122482 0.126369 0.130341 0.134403 0.13856 0.142818 0.147183 0.151661 0.156259 0.160984 0.165843 0.170846 0.176 0.181314 0.186799 0.192464 0.198321 0.204381 0.210656 0.217161 0.22391 0.230919 0.238203 0.24578 0.253671 0.261896 0.270476 0.279436 0.288802 0.298601 0.308865 0.319624 0.330914 0.342773 0.35524 0.36836 0.382179 0.396747 0.412115 0.428341 0.445482 0.4636 0.482757 0.503019 0.52445 0.547111 0.571062 0.596357 0.623038 0.651139 0.680672 0.711633 0.743988 0.777675 0.8126 0.84863 0.885598 0.923306 0.961523 1 
0 0.00294162 0.00588394 0.00882769 0.0117736 0.0147224 0.0176748 0.0206316 0.0235938 0.026562 0.0295372 0.0325204 0.0355125 0.0385146 0.0415278 0.0445534 0.0475924 0.0506463 0.0537165 0.0568045 0.0599118 0.0630401 0.0661911 0.0693668 0.0725691 0.0758002 0.0790621 0.0823573 0.0856883 0.0890574 0.0924677 0.0959217 0.0994227 0.102974 0.106578 0.11024 0.113962 0.117748 0.121604 0.125532 0.129537 0.133625 0.1378 0.142068 0.146433 0.150903 0.155483 0.160179 0.164999 0.16995 0.17504 0.180276 0.185669 0.191226 0.196957 0.202874 0.208987 0.215308 0.22185 0.228626 0.23565 0.242939 0.250507 0.258374 0.266558 0.27508 0.28396 0.293223 0.302893 0.312998 0.323566 0.334628 0.346218 0.35837 0.371123 0.384516 0.398594 0.4134 0.428983 0.445392 0.46268 0.4809 0.500105 0.52035 0.541688 0.56417 0.58784 0.612739 0.638896 0.666329 0.695041 0.725014 0.756211 0.788566 0.821989 0.85636 0.891531 0.927327 0.963554 1 
0 0.00311323 0.00622716 0.0093425 0.01246 0.0155803 0.0187042 0.0218326 0.0249662 0.0281059 0.0312525 0.0344071 0.0375707 0.0407443 0.043929 0.047126 0.0503367 0.0535624 0.0568045 0.0600645 0.0633441 0.066645 0.069969 0.073318 0.0766942 0.0800995 0.0835364 0.0870072 0.0905145 0.0940608 0.0976492 0.101282 0.104964 0.108696 0.112484 0.11633 0.120238 0.124212 0.128257 0.132376 0.136575 0.140859 0.145232 0.1497 0.154269 0.158945 0.163733 0.168642 0.173677 0.178846 0.184158 0.18962 0.195241 0.201031 0.206999 0.213156 0.219513 0.226082 0.232876 0.239908 0.247192 0.254743 0.262578 0.270715 0.279171 0.287966 0.297122 0.306662 0.316609 0.326989 0.337829 0.34916 0.361012 0.373419 0.386415 0.400038 0.414327 0.429322 0.445068 0.461608 0.478988 0.497253 0.516449 0.536623 0.557817 0.58007 0.603419 0.62789 0.653502 0.680264 0.708168 0.737191 0.76729 0.798403 0.830442 0.8633 0.896844 0.930922 0.965368 1 
0 0.00328631 0.0065733 0.00986168 0.0131521 0.0164454 0.0197423 0.0230434 0.0263498 0.0296621 0.0329813 0.0363084 0.0396444 0.0429903 0.0463473 0.0497166 0.0530995 0.0564974 0.0599118 0.0633441 0.0667961 0.0702696 0.0737664 0.0772884 0.0808378 0.0844168 0.0880278 0.0916732 0.0953556 0.0990778 0.102843 0.106653 0.110513 0.114425 0.118393 0.12242 0.126511 0.13067 0.134901 0.139208 0.143597 0.148071 0.152638 0.157302 0.162068 0.166944 0.171935 0.177049 0.182292 0.187672 0.193197 0.198876 0.204717 0.210729 0.216923 0.223309 0.229898 0.236702 0.243734 0.251007 0.258534 0.266332 0.274415 0.282802 0.291509 0.300557 0.309965 0.319756 0.329952 0.340579 0.351662 0.363228 0.375308 0.387932 0.401133 0.414944 0.429402 0.444543 0.460405 0.477028 0.494451 0.512714 0.531855 0.551912 0.57292 0.594908 0.617905 0.641927 0.666985 0.69308 0.720197 0.74831 0.777373 0.807327 0.83809 0.869562 0.901629 0.934156 0.966998 1 
0 0.00346097 0.00692261 0.0103856 0.0138506 0.0173183 0.0207895 0.0242649 0.0277453 0.0312316 0.0347247 0.0382254 0.0417348 0.0452541 0.0487842 0.0523266 0.0558824 0.059453 0.0630401 0.066645 0.0702696 0.0739156 0.077585 0.0812797 0.085002 0.088754 0.0925382 0.0963572 0.100214 0.10411 0.10805 0.112036 0.116072 0.120161 0.124307 0.128513 0.132784 0.137124 0.141537 0.146028 0.150602 0.155264 0.160019 0.164873 0.169832 0.174902 0.180089 0.185401 0.190845 0.196428 0.202159 0.208045 0.214096 0.220321 0.22673 0.233334 0.240143 0.247169 0.254425 0.261924 0.269679 0.277706 0.28602 0.294638 0.303576 0.312854 0.322492 0.33251 0.34293 0.353776 0.365071 0.376843 0.389119 0.401926 0.415296 0.429258 0.443846 0.459092 0.47503 0.491695 0.50912 0.52734 0.546386 0.566289 0.587077 0.608773 0.631396 0.654956 0.679459 0.704897 0.731253 0.758497 0.786584 0.815457 0.845039 0.875242 0.905961 0.937079 0.968471 1 
0 0.00363734 0.00727532 0.0109146 0.0145558 0.0181996 0.0218467 0.0254978 0.0291538 0.0328155 0.0364837 0.0401593 0.0438434 0.047537 0.0512413 0.0549575 0.0586869 0.0624309 0.0661911 0.069969 0.0737664 0.077585 0.0814268 0.085294 0.0891886 0.093113 0.0970696 0.101061 0.10509 0.10916 0.113273 0.117433 0.121643 0.125907 0.130228 0.13461 0.139058 0.143576 0.148168 0.152839 0.157594 0.162438 0.167376 0.172415 0.177561 0.182819 0.188196 0.1937 0.199337 0.205115 0.211043 0.217128 0.22338 0.229807 0.236421 0.24323 0.250247 0.257483 0.26495 0.27266 0.280628 0.288868 0.297395 0.306225 0.315375 0.324863 0.334708 0.34493 0.355549 0.366588 0.378069 0.390018 0.402458 0.415418 0.428923 0.443003 0.457685 0.473001 0.488979 0.505649 0.523041 0.541182 0.560101 0.579821 0.600363 0.621746 0.643981 0.667075 0.691025 0.715822 0.741444 0.767861 0.795029 0.822892 0.851381 0.880415 0.909901 0.939735 0.969808 1 
0 0.00381554 0.00763168 0.011449 0.0152682 0.0190898 0.0229145 0.0267431 0.0305763 0.0344148 0.0382595 0.0421114 0.0459714 0.0498406 0.05372 0.057611 0.0615149 0.065433 0.0693668 0.073318 0.0772884 0.0812797 0.085294 0.0893332 0.0933998 0.097496 0.101624 0.105787 0.109988 0.114229 0.118514 0.122846 0.127228 0.131664 0.136158 0.140714 0.145335 0.150027 0.154794 0.159641 0.164573 0.169595 0.174712 0.179931 0.185257 0.190697 0.196258 0.201946 0.207769 0.213735 0.219851 0.226126 0.232569 0.239189 0.245996 0.253001 0.260214 0.267646 0.27531 0.283218 0.291384 0.29982 0.308544 0.317568 0.326911 0.336589 0.34662 0.357023 0.367818 0.379025 0.390667 0.402765 0.415343 0.428425 0.442037 0.456202 0.470949 0.486302 0.502288 0.518932 0.536259 0.554294 0.573058 0.592571 0.612849 0.633904 0.655743 0.678368 0.701774 0.725947 0.750865 0.776495 0.802797 0.829717 0.857191 0.885147 0.9135 0.94216 0.971027 1 
0 0.00399571 0.00799197 0.0119893 0.0159884 0.0199897 0.0239939 0.0280016 0.0320136 0.0360307 0.0400535 0.0440831 0.0481204 0.0521664 0.0562221 0.060289 0.0643681 0.068461 0.0725691 0.0766942 0.0808378 0.085002 0.0891886 0.0933998 0.0976379 0.101905 0.106204 0.110538 0.114909 0.11932 0.123775 0.128277 0.132829 0.137435 0.142099 0.146825 0.151618 0.156481 0.161419 0.166438 0.171542 0.176736 0.182027 0.187421 0.192922 0.198538 0.204276 0.210141 0.216143 0.222288 0.228584 0.235041 0.241666 0.248469 0.255459 0.262648 0.270044 0.277661 0.285509 0.2936 0.301949 0.310567 0.31947 0.328672 0.33819 0.348038 0.358235 0.368799 0.379747 0.3911 0.402877 0.4151 0.427789 0.440968 0.454658 0.468882 0.483664 0.499026 0.514992 0.531583 0.548821 0.566725 0.585312 0.604599 0.624597 0.645314 0.666754 0.688914 0.711786 0.735355 0.759597 0.784481 0.809967 0.836004 0.862535 0.889492 0.916801 0.944381 0.972144 1 
0 0.00417798 0.00835645 0.0125359 0.0167169 0.0208999 0.0250855 0.0292743 0.033467 0.0376643 0.041867 0.0460759 0.0502919 0.054516 0.0587493 0.0629931 0.0672485 0.0715171 0.0758002 0.0800995 0.0844168 0.088754 0.093113 0.097496 0.101905 0.106343 0.110812 0.115316 0.119856 0.124436 0.129059 0.133729 0.138449 0.143223 0.148054 0.152948 0.157908 0.162938 0.168044 0.173231 0.178503 0.183866 0.189325 0.194887 0.200558 0.206344 0.212252 0.218288 0.224461 0.230778 0.237246 0.243875 0.250673 0.257648 0.264812 0.272173 0.279742 0.287531 0.29555 0.303811 0.312328 0.321113 0.33018 0.339543 0.349217 0.359218 0.369562 0.380266 0.391347 0.402823 0.414714 0.427038 0.439815 0.453066 0.466809 0.481067 0.495859 0.511206 0.527128 0.543642 0.560768 0.578521 0.596914 0.615961 0.635669 0.656042 0.677082 0.698782 0.721134 0.744119 0.767714 0.791889 0.816605 0.841815 0.867466 0.893497 0.919841 0.946425 0.973172 1 
0 0.00436251 0.00872544 0.0130892 0.0174543 0.0218212 0.0261903 0.0305622 0.0349376 0.0393171 0.0437013 0.0480912 0.0524875 0.0568912 0.0613035 0.0657254 0.0701582 0.0746033 0.0790621 0.0835364 0.0880278 0.0925382 0.0970696 0.101624 0.106204 0.110812 0.115451 0.120123 0.124831 0.129578 0.134368 0.139205 0.14409 0.149029 0.154026 0.159084 0.164208 0.169402 0.174672 0.180022 0.185458 0.190984 0.196608 0.202333 0.208168 0.214117 0.220189 0.226389 0.232726 0.239206 0.245839 0.252631 0.259592 0.266731 0.274057 0.28158 0.289311 0.297259 0.305437 0.313855 0.322526 0.331463 0.340678 0.350186 0.360001 0.370136 0.380609 0.391434 0.402629 0.414209 0.426192 0.438596 0.451439 0.464739 0.478514 0.492782 0.507563 0.522872 0.538728 0.555146 0.572141 0.589726 0.607912 0.626708 0.646118 0.666144 0.686786 0.708035 0.729879 0.752302 0.775279 0.79878 0.822769 0.847203 0.872032 0.897202 0.922651 0.948313 0.97412 1 
0 0.00454945 0.00909924 0.0136497 0.0182013 0.0227543 0.0273092 0.0318664 0.0364266 0.0409902 0.045558 0.0501306 0.054709 0.0592939 0.0638866 0.0684879 0.0730992 0.0777219 0.0823573 0.0870072 0.0916732 0.0963572 0.101061 0.105787 0.110538 0.115316 0.120123 0.124962 0.129837 0.134751 0.139706 0.144706 0.149756 0.154858 0.160016 0.165236 0.170521 0.175876 0.181306 0.186816 0.19241 0.198096 0.203878 0.209761 0.215754 0.221861 0.22809 0.234447 0.24094 0.247577 0.254365 0.261312 0.268428 0.27572 0.283199 0.290873 0.298754 0.30685 0.315174 0.323736 0.332548 0.341623 0.350972 0.36061 0.370548 0.380803 0.391387 0.402316 0.413605 0.425269 0.437326 0.44979 0.462678 0.476007 0.489793 0.504053 0.518801 0.534054 0.549826 0.566131 0.58298 0.600384 0.618351 0.636887 0.655995 0.675674 0.695922 0.716728 0.73808 0.759961 0.782346 0.805207 0.82851 0.852214 0.876274 0.900639 0.925255 0.950062 0.974998 1 
0 0.00473897 0.00947818 0.0142179 0.0189584 0.0237 0.0284431 0.033188 0.0379352 0.0426851 0.0474385 0.0521959 0.0569581 0.061726 0.0665006 0.0712828 0.0760739 0.0808753 0.0856883 0.0905145 0.0953556 0.100214 0.10509 0.109988 0.114909 0.119856 0.124831 0.129837 0.134878 0.139956 0.145075 0.150238 0.155448 0.160711 0.166029 0.171407 0.17685 0.182362 0.187948 0.193614 0.199363 0.205203 0.211138 0.217175 0.223319 0.229578 0.235957 0.242465 0.249107 0.255892 0.262828 0.269922 0.277183 0.284619 0.292241 0.300056 0.308076 0.316309 0.324767 0.333461 0.342401 0.3516 0.361069 0.370821 0.380869 0.391226 0.401905 0.412921 0.424287 0.436019 0.448131 0.460637 0.473552 0.486892 0.500671 0.514903 0.529602 0.544782 0.560454 0.57663 0.59332 0.610532 0.628272 0.646543 0.665346 0.68468 0.704539 0.724912 0.745788 0.767146 0.788966 0.811219 0.833872 0.856888 0.880226 0.90384 0.927678 0.951689 0.975815 1 
0 0.00493123 0.00986261 0.0147943 0.0197265 0.0246593 0.0295931 0.0345281 0.0394647 0.0444034 0.0493445 0.0542888 0.0592369 0.0641896 0.0691477 0.0741124 0.0790847 0.0840659 0.0890574 0.0940608 0.0990778 0.10411 0.10916 0.114229 0.11932 0.124436 0.129578 0.134751 0.139956 0.145197 0.150478 0.155801 0.161171 0.166592 0.172067 0.177601 0.183199 0.188864 0.194603 0.20042 0.20632 0.212309 0.218392 0.224576 0.230867 0.237271 0.243795 0.250446 0.25723 0.264156 0.271231 0.278464 0.285861 0.293433 0.301187 0.309134 0.317282 0.325641 0.334222 0.343035 0.352091 0.361401 0.370976 0.380829 0.390971 0.401416 0.412175 0.423262 0.43469 0.446472 0.458622 0.471153 0.484079 0.497413 0.511168 0.525357 0.539991 0.555083 0.570642 0.586677 0.603198 0.620208 0.637714 0.655716 0.674215 0.693205 0.712682 0.732634 0.753047 0.773904 0.795182 0.816855 0.838893 0.861261 0.88392 0.906828 0.929939 0.953205 0.976576 1 
0 0.00512643 0.0102529 0.0153794 0.0205061 0.025633 0.0307602 0.0358881 0.0410167 0.0461465 0.0512778 0.0564112 0.0615472 0.0666867 0.0718303 0.076979 0.082134 0.0872964 0.0924677 0.0976492 0.102843 0.10805 0.113273 0.118514 0.123775 0.129059 0.134368 0.139706 0.145075 0.150478 0.155919 0.161401 0.166928 0.172505 0.178134 0.183821 0.18957 0.195386 0.201273 0.207237 0.213283 0.219417 0.225643 0.23197 0.238401 0.244945 0.251607 0.258394 0.265314 0.272373 0.27958 0.286942 0.294468 0.302165 0.310043 0.318111 0.326377 0.334851 0.343544 0.352465 0.361624 0.371032 0.380701 0.390642 0.400865 0.411383 0.422207 0.433351 0.444825 0.456642 0.468815 0.481356 0.494277 0.50759 0.521307 0.535437 0.549993 0.564984 0.580418 0.596302 0.612644 0.629447 0.646714 0.664446 0.682639 0.701291 0.720392 0.739933 0.759899 0.780273 0.801033 0.822154 0.843608 0.865362 0.887381 0.909626 0.932055 0.954624 0.977288 1 
0 0.00532475 0.0106494 0.0159739 0.0212981 0.026622 0.0319457 0.0372691 0.0425925 0.0479161 0.0532401 0.058565 0.0638913 0.0692196 0.0745506 0.0798853 0.0852245 0.0905696 0.0959217 0.101282 0.106653 0.112036 0.117433 0.122846 0.128277 0.133729 0.139205 0.144706 0.150238 0.155801 0.161401 0.16704 0.172723 0.178452 0.184234 0.19007 0.195968 0.20193 0.207962 0.214069 0.220257 0.226531 0.232896 0.239359 0.245926 0.252602 0.259396 0.266313 0.273361 0.280547 0.287878 0.295362 0.303007 0.310822 0.318814 0.326993 0.335367 0.343946 0.35274 0.361757 0.371008 0.380503 0.390253 0.400268 0.410559 0.421137 0.432014 0.443199 0.454706 0.466545 0.478727 0.491263 0.504165 0.517443 0.531107 0.545168 0.559633 0.574511 0.58981 0.605535 0.621691 0.638281 0.655306 0.672765 0.690656 0.708973 0.727707 0.746848 0.766381 0.78629 0.806553 0.827148 0.848047 0.86922 0.890634 0.912254 0.934041 0.955956 0.977956 1 
0 0.0055264 0.0110526 0.0165783 0.0221033 0.0276274 0.0331506 0.0386727 0.0441938 0.049714 0.0552335 0.0607524 0.0662714 0.0717908 0.0773113 0.0828338 0.0883591 0.0938883 0.0994227 0.104964 0.110513 0.116072 0.121643 0.127228 0.132829 0.138449 0.14409 0.149756 0.155448 0.161171 0.166928 0.172723 0.178558 0.184439 0.190369 0.196353 0.202395 0.208501 0.214674 0.220921 0.227246 0.233655 0.240153 0.246748 0.253444 0.260248 0.267168 0.274208 0.281377 0.288682 0.296129 0.303727 0.311484 0.319407 0.327504 0.335785 0.344258 0.352932 0.361815 0.370918 0.38025 0.389821 0.39964 0.409717 0.420064 0.43069 0.441605 0.45282 0.464346 0.476193 0.48837 0.50089 0.51376 0.52699 0.540591 0.554569 0.568933 0.583689 0.598844 0.614402 0.630366 0.646739 0.66352 0.680708 0.698298 0.716285 0.73466 0.753411 0.772526 0.791987 0.811774 0.831865 0.852236 0.872857 0.893699 0.914728 0.93591 0.957208 0.978584 1 
0 0.0057316 0.0114628 0.0171932 0.0229225 0.0286502 0.0343762 0.0401003 0.0458222 0.051542 0.0572598 0.0629756 0.0686898 0.0744027 0.080115 0.0858273 0.0915405 0.0972556 0.102974 0.108696 0.114425 0.120161 0.125907 0.131664 0.137435 0.143223 0.149029 0.154858 0.160711 0.166592 0.172505 0.178452 0.184439 0.190469 0.196545 0.202673 0.208858 0.215103 0.221413 0.227795 0.234253 0.240793 0.24742 0.254141 0.260961 0.267887 0.274925 0.282083 0.289366 0.296783 0.304339 0.312043 0.319903 0.327926 0.33612 0.344494 0.353056 0.361814 0.370778 0.379957 0.389359 0.398993 0.40887 0.418999 0.429389 0.440051 0.450993 0.462226 0.473758 0.485601 0.497762 0.510252 0.523079 0.536251 0.549776 0.563662 0.577916 0.592542 0.607545 0.62293 0.638698 0.65485 0.671386 0.688303 0.705595 0.723258 0.741281 0.759654 0.778364 0.797392 0.816723 0.836333 0.856199 0.876296 0.896594 0.917064 0.937674 0.95839 0.979177 1 
0 0.00594057 0.0118806 0.0178194 0.0237566 0.0296916 0.035624 0.0415534 0.0474795 0.0534021 0.0593212 0.0652368 0.071149 0.0770581 0.0829645 0.0888689 0.0947721 0.100675 0.106578 0.112484 0.118393 0.124307 0.130228 0.136158 0.142099 0.148054 0.154026 0.160016 0.166029 0.172067 0.178134 0.184234 0.190369 0.196545 0.202766 0.209035 0.215358 0.221739 0.228184 0.234697 0.241283 0.247949 0.2547 0.261542 0.268481 0.275523 0.282674 0.289942 0.297333 0.304854 0.312513 0.320316 0.328271 0.336385 0.344668 0.353126 0.361767 0.370601 0.379636 0.388879 0.398341 0.40803 0.417954 0.428123 0.438546 0.449231 0.460189 0.471428 0.482956 0.494783 0.506917 0.519367 0.532139 0.545243 0.558684 0.572468 0.586602 0.60109 0.615936 0.631143 0.646711 0.662641 0.678931 0.695578 0.712576 0.72992 0.7476 0.765605 0.783921 0.802533 0.821424 0.840573 0.859958 0.879554 0.899336 0.919276 0.939343 0.959508 0.979737 1 
0 0.00615355 0.0123063 0.0184576 0.0246066 0.0307527 0.0368952 0.0430336 0.0491674 0.0552963 0.06142 0.0675385 0.0736516 0.0797596 0.0858628 0.0919617 0.0980569 0.104149 0.11024 0.11633 0.12242 0.128513 0.13461 0.140714 0.146825 0.152948 0.159084 0.165236 0.171407 0.177601 0.183821 0.19007 0.196353 0.202673 0.209035 0.215443 0.221902 0.228416 0.23499 0.24163 0.248341 0.255129 0.261999 0.268956 0.276008 0.28316 0.290419 0.297791 0.305284 0.312903 0.320655 0.328549 0.336592 0.34479 0.353152 0.361686 0.370399 0.379299 0.388394 0.397694 0.407205 0.416938 0.426899 0.437098 0.447543 0.458242 0.469205 0.480439 0.491952 0.503753 0.51585 0.528249 0.540958 0.553983 0.56733 0.581006 0.595013 0.609357 0.62404 0.639064 0.654429 0.670135 0.686179 0.702558 0.719266 0.736297 0.753641 0.771287 0.789223 0.807433 0.825901 0.844607 0.863531 0.88265 0.90194 0.921374 0.940926 0.960568 0.980269 1 
0 0.0063708 0.0127406 0.0191085 0.0254735 0.0318347 0.0381913 0.0445426 0.050888 0.0572267 0.0635586 0.0698832 0.0762004 0.0825103 0.088813 0.0951089 0.101398 0.107682 0.113962 0.120238 0.126511 0.132784 0.139058 0.145335 0.151618 0.157908 0.164208 0.170521 0.17685 0.183199 0.18957 0.195968 0.202395 0.208858 0.215358 0.221902 0.228493 0.235136 0.241837 0.2486 0.255432 0.262336 0.26932 0.276389 0.283548 0.290805 0.298165 0.305635 0.313222 0.320932 0.328773 0.33675 0.344873 0.353147 0.361581 0.370181 0.378957 0.387914 0.397062 0.406408 0.41596 0.425726 0.435715 0.445934 0.456391 0.467094 0.478052 0.489271 0.50076 0.512525 0.524574 0.536913 0.54955 0.562488 0.575734 0.589293 0.603168 0.617362 0.631877 0.646715 0.661874 0.677355 0.693154 0.709268 0.725689 0.742413 0.759428 0.776725 0.794292 0.812113 0.830173 0.848454 0.866936 0.885598 0.904418 0.923371 0.942432 0.961575 0.980774 1 
0 0.00659259 0.013184 0.0197729 0.0263583 0.0329391 0.0395141 0.0460824 0.0526432 0.0591957 0.0657394 0.0722737 0.0787984 0.0853133 0.0918184 0.0983139 0.1048 0.111278 0.117748 0.124212 0.13067 0.137124 0.143576 0.150027 0.156481 0.162938 0.169402 0.175876 0.182362 0.188864 0.195386 0.20193 0.208501 0.215103 0.221739 0.228416 0.235136 0.241906 0.248729 0.255612 0.262559 0.269576 0.276669 0.283844 0.291106 0.298461 0.305917 0.313479 0.321154 0.328949 0.33687 0.344924 0.353119 0.361462 0.369959 0.378619 0.387448 0.396455 0.405646 0.41503 0.424613 0.434405 0.444411 0.45464 0.4651 0.475798 0.486741 0.497936 0.509391 0.521111 0.533104 0.545375 0.55793 0.570775 0.583913 0.597348 0.611084 0.625123 0.639467 0.654115 0.669068 0.684323 0.699878 0.715728 0.731867 0.748288 0.764983 0.78194 0.799147 0.816592 0.834258 0.85213 0.870187 0.888412 0.906781 0.925274 0.943867 0.962536 0.981255 1 
0 0.00681919 0.0136369 0.0204517 0.0272622 0.0340671 0.040865 0.0476548 0.0544353 0.0612057 0.0679651 0.0747129 0.0814486 0.0881718 0.0948824 0.101581 0.108266 0.114941 0.121604 0.128257 0.134901 0.141537 0.148168 0.154794 0.161419 0.168044 0.174672 0.181306 0.187948 0.194603 0.201273 0.207962 0.214674 0.221413 0.228184 0.23499 0.241837 0.248729 0.255672 0.26267 0.269729 0.276854 0.284051 0.291327 0.298686 0.306135 0.31368 0.321328 0.329085 0.336958 0.344953 0.353077 0.361337 0.369741 0.378294 0.387005 0.395881 0.404928 0.414154 0.423567 0.433173 0.442981 0.452996 0.463227 0.473681 0.484364 0.495283 0.506446 0.517857 0.529525 0.541453 0.553648 0.566115 0.578858 0.591881 0.605188 0.61878 0.63266 0.646828 0.661285 0.676029 0.691059 0.706371 0.72196 0.73782 0.753944 0.770324 0.78695 0.803809 0.820889 0.838174 0.855651 0.8733 0.891103 0.909042 0.927094 0.945239 0.963453 0.981715 1 
0 0.00705092 0.0141001 0.0211458 0.0281864 0.0352203 0.0422459 0.0492618 0.0562666 0.0632592 0.0702386 0.0772038 0.0841542 0.0910893 0.0980087 0.104912 0.111801 0.118673 0.125532 0.132376 0.139208 0.146028 0.152839 0.159641 0.166438 0.173231 0.180022 0.186816 0.193614 0.20042 0.207237 0.214069 0.220921 0.227795 0.234697 0.24163 0.2486 0.255612 0.26267 0.269779 0.276946 0.284175 0.291472 0.298843 0.306294 0.313831 0.321461 0.329189 0.337021 0.344966 0.353028 0.361215 0.369533 0.37799 0.386593 0.395347 0.404261 0.413341 0.422594 0.432027 0.441648 0.451463 0.461479 0.471704 0.482142 0.492802 0.50369 0.514811 0.526172 0.537778 0.549634 0.561746 0.574118 0.586753 0.599655 0.612827 0.626271 0.639988 0.653978 0.668242 0.682777 0.697581 0.71265 0.727981 0.743566 0.759399 0.775471 0.791773 0.808293 0.825018 0.841936 0.85903 0.876286 0.893684 0.911208 0.928837 0.946552 0.964332 0.982155 1 
0 0.00728809 0.0145741 0.0218562 0.0291322 0.0364003 0.0436586 0.0509056 0.0581395 0.065359 0.0725627 0.0797496 0.0869187 0.0940694 0.101201 0.108314 0.115407 0.122482 0.129537 0.136575 0.143597 0.150602 0.157594 0.164573 0.171542 0.178503 0.185458 0.19241 0.199363 0.20632 0.213283 0.220257 0.227246 0.234253 0.241283 0.248341 0.255432 0.262559 0.269729 0.276946 0.284216 0.291544 0.298936 0.306398 0.313936 0.321556 0.329264 0.337066 0.344968 0.352978 0.361101 0.369344 0.377714 0.386217 0.394861 0.403651 0.412595 0.4217 0.430973 0.440419 0.450046 0.459861 0.46987 0.480079 0.490495 0.501124 0.511971 0.523044 0.534346 0.545883 0.557661 0.569682 0.581952 0.594474 0.60725 0.620283 0.633574 0.647124 0.660934 0.675002 0.689327 0.703906 0.718735 0.733809 0.749123 0.764669 0.78044 0.796425 0.812614 0.828996 0.845556 0.862281 0.879156 0.896165 0.913289 0.930511 0.947813 0.965175 0.982578 1 
0 0.00753104 0.0150597 0.0225837 0.0301008 0.0376086 0.0451052 0.0525885 0.0600566 0.0675078 0.0749406 0.0823537 0.0897458 0.0971161 0.104464 0.111789 0.119091 0.126369 0.133625 0.140859 0.148071 0.155264 0.162438 0.169595 0.176736 0.183866 0.190984 0.198096 0.205203 0.212309 0.219417 0.226531 0.233655 0.240793 0.247949 0.255129 0.262336 0.269576 0.276854 0.284175 0.291544 0.298967 0.30645 0.313998 0.321618 0.329315 0.337095 0.344965 0.352931 0.361 0.369177 0.37747 0.385884 0.394427 0.403105 0.411924 0.420892 0.430015 0.439298 0.44875 0.458376 0.468182 0.478176 0.488362 0.498747 0.509338 0.520138 0.531154 0.54239 0.553852 0.565544 0.577469 0.589632 0.602034 0.614679 0.627568 0.640703 0.654084 0.667711 0.681582 0.695696 0.71005 0.72464 0.739461 0.754507 0.769771 0.785246 0.800922 0.816788 0.832835 0.849048 0.865416 0.881922 0.898553 0.915292 0.932123 0.949027 0.965987 0.982984 1 
0 0.00778014 0.0155576 0.0233296 0.0310937 0.0388472 0.0465877 0.0543129 0.0620206 0.0697088 0.0773757 0.0850196 0.0926393 0.100233 0.107801 0.115342 0.122855 0.130341 0.1378 0.145232 0.152638 0.160019 0.167376 0.174712 0.182027 0.189325 0.196608 0.203878 0.211138 0.218392 0.225643 0.232896 0.240153 0.24742 0.2547 0.261999 0.26932 0.276669 0.284051 0.291472 0.298936 0.30645 0.314019 0.321648 0.329344 0.337113 0.344961 0.352893 0.360917 0.369039 0.377264 0.3856 0.394052 0.402627 0.411333 0.420174 0.429158 0.43829 0.447578 0.457028 0.466645 0.476436 0.486406 0.496563 0.50691 0.517454 0.5282 0.539153 0.550317 0.561697 0.573296 0.585119 0.597168 0.609446 0.621956 0.634697 0.647673 0.660881 0.674323 0.687996 0.701899 0.716029 0.73038 0.74495 0.759732 0.774719 0.789903 0.805276 0.820827 0.836547 0.852423 0.868443 0.884593 0.900859 0.917225 0.933676 0.950197 0.966769 0.983376 1 
0 0.00803576 0.0160684 0.024095 0.0321124 0.0401178 0.0481084 0.0560814 0.0640345 0.0719652 0.0798714 0.0877513 0.0956032 0.103426 0.111218 0.118978 0.126707 0.134403 0.142068 0.1497 0.157302 0.164873 0.172415 0.179931 0.187421 0.194887 0.202333 0.209761 0.217175 0.224576 0.23197 0.239359 0.246748 0.254141 0.261542 0.268956 0.276389 0.283844 0.291327 0.298843 0.306398 0.313998 0.321648 0.329354 0.337121 0.344957 0.352866 0.360856 0.368931 0.3771 0.385367 0.393739 0.402223 0.410825 0.41955 0.428407 0.4374 0.446535 0.45582 0.46526 0.474862 0.48463 0.49457 0.504689 0.514992 0.525483 0.536167 0.54705 0.558135 0.569427 0.580929 0.592644 0.604574 0.616724 0.629093 0.641684 0.654496 0.66753 0.680785 0.694259 0.70795 0.721856 0.735971 0.750292 0.764812 0.779526 0.794424 0.8095 0.824744 0.840145 0.855692 0.871373 0.887177 0.903088 0.919094 0.935178 0.951327 0.967524 0.983754 1 
