0 0 0 0 0 0 0 0 0 0 0 0 0 0 0 0 0 0 0 0 0 0 0 0 0 0 0 0 0 0 0 0 0 0 0 0 0 0 0 0 0 0 0 0 0 0 0 0 0 0 0 0 0 0 0 0 0 0 0 0 0 0 0 0 0 0 0 0 0 0 0 0 0 0 0 0 0 0 0 0 0 0 0 0 0 0 0 0 0 0 0 0 0 0 0 0 0 0 0 1 
0 2.97166e-07 5.99613e-07 9.128e-07 1.24251e-06 1.59506e-06 1.97746e-06 2.39767e-06 2.86471e-06 3.38905e-06 3.98272e-06 4.65978e-06 5.43643e-06 6.33165e-06 7.3673e-06 8.5689e-06 9.96582e-06 1.15922e-05 1.34871e-05 1.5696e-05 1.82705e-05 2.12702e-05 2.47628e-05 2.88262e-05 3.35483e-05 3.90295e-05 4.5383e-05 5.27375e-05 6.12371e-05 7.10453e-05 8.23443e-05 9.53394e-05 0.000110259 0.000127359 0.000146922 0.000169265 0.000194736 0.000223723 0.00025665 0.000293987 0.000336248 0.000383998 0.000437853 0.000498488 0.000566635 0.000643093 0.000728725 0.000824471 0.000931339 0.00105043 0.00118291 0.00133005 0.00149322 0.00167387 0.00187356 0.00209399 0.00233692 0.00260429 0.00289815 0.00322069 0.00357425 0.00396135 0.00438469 0.00484716 0.00535187 0.0059022 0.00650178 0.00715457 0.00786489 0.0086375 0.00947761 0.0103911 0.0113844 0.0124648 0.0136408 0.0149218 0.0163189 0.0178449 0.019515 0.0213472 0.0233633 0.0255896 0.0280587 0.0308113 0.0338987 0.0373873 0.0413634 0.0459429 0.0512833 0.0576057 0.0652296 0.0746339 0.0865697 0.102282 0.123986 0.155972 0.20749 0.301078 0.499364 1 
0 5.99613e-07 1.20977e-06 1.84134e-06 2.5059e-06 3.21601e-06 3.98572e-06 4.83082e-06 5.76945e-06 6.82237e-06 8.01378e-06 9.37153e-06 1.09282e-05 1.27215e-05 1.47953e-05 1.72003e-05 1.99955e-05 2.32487e-05 2.70385e-05 3.14549e-05 3.66017e-05 4.25974e-05 4.95782e-05 5.76982e-05 6.71345e-05 7.80862e-05 9.07809e-05 0.000105474 0.000122455 0.000142049 0.000164622 0.00019058 0.000220384 0.000254541 0.00029362 0.000338248 0.000389127 0.000447024 0.000512793 0.000587366 0.000671776 0.000767144 0.000874708 0.000995807 0.00113191 0.0012846 0.00145562 0.00164683 0.00186025 0.00209806 0.00236261 0.00265643 0.00298225 0.00334295 0.00374168 0.00418176 0.00466678 0.00520056 0.0057872 0.00643104 0.00713679 0.00790942 0.00875434 0.00967727 0.0106844 0.0117825 0.0129787 0.014281 0.0156978 0.0172386 0.0189138 0.0207349 0.0227148 0.0248679 0.0272107 0.029762 0.0325434 0.0355803 0.0389024 0.0425448 0.0465501 0.0509696 0.0558664 0.0613192 0.0674269 0.0743161 0.0821516 0.0911511 0.101609 0.113933 0.1287 0.146755 0.169379 0.198589 0.237702 0.292422 0.372918 0.497463 0.696382 1 
0 9.128e-07 1.84134e-06 2.80189e-06 3.81168e-06 4.8896e-06 6.05651e-06 7.33617e-06 8.75552e-06 1.03458e-05 1.21431e-05 1.41892e-05 1.65326e-05 1.92301e-05 2.23469e-05 2.59594e-05 3.01553e-05 3.50368e-05 4.07208e-05 4.73427e-05 5.50572e-05 6.40427e-05 7.45014e-05 8.6666e-05 0.000100799 0.000117202 0.000136212 0.000158214 0.000183639 0.000212976 0.000246769 0.000285632 0.000330246 0.000381379 0.000439874 0.000506679 0.000582832 0.000669493 0.000767928 0.000879544 0.00100587 0.0011486 0.00130958 0.00149081 0.00169448 0.00192298 0.00217888 0.00246499 0.00278431 0.00314013 0.00353594 0.00397552 0.00446292 0.00500251 0.00559893 0.00625719 0.0069826 0.00778088 0.00865812 0.00962085 0.010676 0.0118311 0.0130941 0.0144735 0.0159786 0.0176193 0.0194064 0.0213514 0.0234672 0.0257676 0.0282679 0.0309852 0.0339383 0.0371487 0.0406403 0.0444407 0.0485815 0.0530996 0.058038 0.0634478 0.06939 0.0759384 0.083183 0.0912353 0.100234 0.110357 0.121831 0.134954 0.150119 0.167863 0.188924 0.214347 0.245638 0.285021 0.335835 0.403118 0.494311 0.619484 0.788707 1 
0 1.24251e-06 2.5059e-06 3.81168e-06 5.18282e-06 6.6442e-06 8.22371e-06 9.95263e-06 1.1867e-05 1.40081e-05 1.6424e-05 1.91699e-05 2.23109e-05 2.59217e-05 3.00897e-05 3.49156e-05 4.05171e-05 4.70287e-05 5.4607e-05 6.34311e-05 7.37077e-05 8.56723e-05 9.95959e-05 0.000115786 0.000134593 0.000156415 0.000181704 0.000210968 0.000244784 0.000283797 0.000328735 0.000380409 0.000439732 0.000507712 0.000585484 0.000674293 0.000775532 0.000890728 0.00102158 0.00116994 0.00133785 0.00152756 0.00174151 0.00198236 0.00225303 0.00255668 0.00289674 0.0032769 0.0037012 0.00417394 0.00469979 0.00528375 0.00593121 0.00664792 0.00744007 0.00831425 0.00927755 0.0103375 0.0115022 0.0127801 0.0141807 0.0157136 0.0173894 0.0192194 0.0212158 0.0233916 0.0257609 0.028339 0.0311425 0.0341897 0.0375006 0.0410971 0.0450041 0.0492491 0.0538632 0.0588818 0.0643457 0.0703019 0.0768053 0.0839206 0.0917248 0.10031 0.109789 0.120299 0.13201 0.145135 0.159947 0.176792 0.196125 0.218545 0.24485 0.276126 0.313854 0.360067 0.417537 0.489933 0.581746 0.69747 0.838969 1 
0 1.59506e-06 3.21601e-06 4.8896e-06 6.6442e-06 8.5109e-06 1.05241e-05 1.27229e-05 1.51519e-05 1.78627e-05 2.09146e-05 2.43771e-05 2.83301e-05 3.28677e-05 3.80977e-05 4.41466e-05 5.11595e-05 5.93055e-05 6.87781e-05 7.98016e-05 9.2632e-05 0.000107564 0.000124934 0.000145126 0.000168575 0.000195778 0.000227296 0.000263765 0.000305898 0.000354503 0.000410483 0.000474851 0.000548737 0.000633407 0.000730259 0.000840857 0.000966922 0.00111037 0.00127329 0.00145801 0.00166706 0.00190323 0.00216957 0.00246939 0.00280631 0.00318425 0.00360748 0.00408062 0.00460862 0.00519688 0.00585116 0.00657771 0.00738316 0.00827471 0.00925997 0.0103472 0.011545 0.0128629 0.0143108 0.0158993 0.0176398 0.0195446 0.0216264 0.0238994 0.0263783 0.0290793 0.0320196 0.035218 0.0386948 0.0424722 0.0465745 0.0510286 0.0558642 0.0611147 0.0668173 0.0730147 0.0797552 0.0870946 0.0950977 0.103841 0.113412 0.123921 0.135493 0.148286 0.162491 0.178344 0.196139 0.216248 0.239144 0.265431 0.29589 0.33153 0.373652 0.423914 0.484363 0.557369 0.645301 0.749701 0.869709 1 
0 1.97746e-06 3.98572e-06 6.05651e-06 8.22371e-06 1.05241e-05 1.29989e-05 1.56944e-05 1.86641e-05 2.19689e-05 2.56804e-05 2.98807e-05 3.4666e-05 4.01475e-05 4.64553e-05 5.3739e-05 6.21733e-05 7.19586e-05 8.33278e-05 9.6547e-05 0.000111924 0.000129809 0.000150604 0.000174768 0.000202822 0.000235357 0.000273046 0.000316644 0.000367009 0.000425099 0.000491998 0.00056891 0.000657192 0.000758344 0.000874048 0.00100616 0.00115674 0.00132806 0.00152264 0.00174324 0.00199289 0.0022749 0.00259291 0.00295087 0.00335311 0.00380429 0.00430951 0.00487423 0.00550442 0.00620644 0.00698721 0.00785409 0.00881506 0.00987857 0.0110538 0.0123504 0.0137787 0.01535 0.0170759 0.0189692 0.0210432 0.0233123 0.0257919 0.0284984 0.0314493 0.0346634 0.0381611 0.0419643 0.0460968 0.0505843 0.0554551 0.0607403 0.0664743 0.0726953 0.0794461 0.0867751 0.0947371 0.103395 0.112821 0.123101 0.134332 0.146631 0.160138 0.175019 0.191476 0.209755 0.230156 0.253049 0.278894 0.30826 0.341854 0.380547 0.425395 0.477647 0.538695 0.609931 0.692425 0.78635 0.890179 1 
0 2.39767e-06 4.83082e-06 7.33617e-06 9.95263e-06 1.27229e-05 1.56944e-05 1.8921e-05 2.2464e-05 2.63947e-05 3.07951e-05 3.57613e-05 4.14039e-05 4.78528e-05 5.52576e-05 6.37934e-05 7.36612e-05 8.50953e-05 9.83637e-05 0.000113778 0.000131692 0.000152515 0.000176711 0.000204815 0.000237429 0.000275243 0.000319031 0.000369676 0.000428166 0.000495621 0.000573289 0.000662576 0.000765045 0.000882447 0.00101672 0.00117003 0.00134475 0.00154353 0.00176927 0.00202518 0.00231477 0.00264188 0.00301072 0.00342588 0.00389233 0.00441552 0.00500129 0.00565602 0.00638655 0.00720031 0.00810521 0.00910984 0.0102233 0.0114555 0.0128169 0.0143187 0.0159728 0.017792 0.01979 0.0219812 0.024381 0.027006 0.0298735 0.0330025 0.036413 0.0401263 0.0441656 0.0485557 0.0533233 0.0584978 0.0641107 0.0701969 0.0767946 0.0839463 0.0916992 0.100107 0.109228 0.119132 0.129896 0.141612 0.154382 0.16833 0.183601 0.200363 0.218821 0.239218 0.261846 0.287055 0.31527 0.346999 0.382845 0.423521 0.469835 0.522671 0.582911 0.651293 0.728162 0.813124 0.904673 1 
0 2.86471e-06 5.76945e-06 8.75552e-06 1.1867e-05 1.51519e-05 1.86641e-05 2.2464e-05 2.66217e-05 3.12172e-05 3.63442e-05 4.21106e-05 4.86433e-05 5.60881e-05 6.46164e-05 7.44252e-05 8.57446e-05 9.88387e-05 0.000114014 0.000131622 0.000152067 0.000175811 0.000203385 0.000235392 0.00027252 0.000315546 0.000365359 0.000422951 0.000489454 0.000566129 0.000654404 0.000755863 0.000872292 0.00100567 0.0011582 0.00133233 0.00153077 0.00175651 0.00201286 0.00230343 0.00263223 0.00300359 0.0034223 0.00389353 0.00442296 0.0050167 0.00568144 0.00642432 0.00725316 0.00817628 0.0092027 0.0103421 0.0116047 0.0130018 0.014545 0.0162472 0.0181216 0.0201828 0.0224459 0.0249273 0.0276443 0.0306153 0.0338599 0.0373991 0.0412551 0.0454519 0.050015 0.0549718 0.060352 0.0661876 0.0725132 0.0793669 0.0867901 0.0948286 0.103533 0.112961 0.123175 0.134247 0.146258 0.159303 0.173488 0.188937 0.205794 0.224229 0.244438 0.266652 0.291146 0.318238 0.348304 0.381777 0.419154 0.460987 0.507869 0.560392 0.619072 0.684238 0.755857 0.833347 0.915407 1 
0 3.38905e-06 6.82237e-06 1.03458e-05 1.40081e-05 1.78627e-05 2.19689e-05 2.63947e-05 3.12172e-05 3.65262e-05 4.24253e-05 4.9036e-05 5.64981e-05 6.49762e-05 7.46597e-05 8.57705e-05 9.85636e-05 0.000113336 0.000130428 0.000150233 0.000173203 0.000199855 0.00023078 0.000266654 0.000308241 0.000356417 0.000412164 0.000476603 0.000550984 0.000636729 0.000735418 0.000848836 0.000978959 0.00112801 0.00129844 0.00149299 0.00171467 0.00196684 0.00225315 0.00257768 0.00294484 0.00335951 0.00382699 0.00435309 0.00494408 0.00560681 0.00634868 0.00717771 0.0081025 0.0091324 0.0102774 0.0115482 0.0129562 0.0145139 0.0162343 0.0181315 0.0202203 0.0225166 0.0250373 0.0278004 0.0308249 0.0341312 0.0377407 0.0416765 0.0459628 0.0506258 0.0556933 0.061195 0.0671629 0.0736316 0.0806381 0.0882232 0.0964308 0.105309 0.114912 0.125299 0.136534 0.148692 0.161857 0.176122 0.191593 0.208395 0.226665 0.246568 0.268287 0.292038 0.318067 0.346656 0.378125 0.412832 0.451171 0.493554 0.540397 0.59207 0.648846 0.710806 0.777741 0.84904 0.923629 1 
0 3.98272e-06 8.01378e-06 1.21431e-05 1.6424e-05 2.09146e-05 2.56804e-05 3.07951e-05 3.63442e-05 4.24253e-05 4.91534e-05 5.66606e-05 6.51026e-05 7.46585e-05 8.55392e-05 9.79868e-05 0.000112285 0.000128757 0.000147783 0.000169793 0.000195287 0.000224833 0.000259086 0.000298786 0.000344782 0.000398032 0.000459628 0.000530793 0.000612919 0.000707559 0.000816468 0.000941596 0.00108514 0.00124953 0.00143748 0.00165199 0.0018964 0.00217437 0.00248998 0.00284764 0.00325228 0.00370921 0.0042243 0.00480389 0.00545493 0.00618489 0.00700194 0.00791484 0.00893311 0.0100669 0.0113272 0.0127258 0.0142752 0.0159889 0.0178813 0.0199676 0.0222642 0.0247883 0.0275584 0.030594 0.0339157 0.0375456 0.041507 0.0458246 0.0505249 0.0556355 0.0611866 0.0672097 0.073739 0.0808109 0.0884649 0.0967432 0.105692 0.115362 0.125807 0.137089 0.149274 0.162436 0.176658 0.192033 0.208666 0.226673 0.24619 0.267366 0.290373 0.315402 0.342672 0.372424 0.404924 0.440459 0.479328 0.521831 0.568241 0.618776 0.673544 0.732489 0.795327 0.861486 0.930091 1 
0 4.65978e-06 9.37153e-06 1.41892e-05 1.91699e-05 2.43771e-05 2.98807e-05 3.57613e-05 4.21106e-05 4.9036e-05 5.66606e-05 6.51299e-05 7.46115e-05 8.53024e-05 9.743e-05 0.000111261 0.0001271 0.000145306 0.000166287 0.000190516 0.000218536 0.00025097 0.000288526 0.000332018 0.000382366 0.000440622 0.000507965 0.000585743 0.00067546 0.000778821 0.000897725 0.00103432 0.00119097 0.00137034 0.00157539 0.00180939 0.00207595 0.0023791 0.00272323 0.0031132 0.00355431 0.0040524 0.0046138 0.00524545 0.00595485 0.00675019 0.00764026 0.00863466 0.00974363 0.0109783 0.0123504 0.0138729 0.0155592 0.0174241 0.0194829 0.0217522 0.0242495 0.0269936 0.0300042 0.0333024 0.0369103 0.0408515 0.0451509 0.0498349 0.0549315 0.0604704 0.0664831 0.0730032 0.0800662 0.0877104 0.0959768 0.104909 0.114555 0.124966 0.136197 0.14831 0.161371 0.175454 0.190639 0.207018 0.22469 0.243765 0.264369 0.28664 0.31073 0.336811 0.365067 0.395702 0.42893 0.464974 0.504057 0.546384 0.592126 0.64139 0.694184 0.750377 0.809664 0.871535 0.935275 1 
0 5.43643e-06 1.09282e-05 1.65326e-05 2.23109e-05 2.83301e-05 3.4666e-05 4.14039e-05 4.86433e-05 5.64981e-05 6.51026e-05 7.46115e-05 8.52074e-05 9.71007e-05 0.000110539 0.000125808 0.00014324 0.000163218 0.000186187 0.000212656 0.000243213 0.000278529 0.000319374 0.000366621 0.000421272 0.000484454 0.000557454 0.000641714 0.000738873 0.000850759 0.000979439 0.00112721 0.00129665 0.00149063 0.00171234 0.0019653 0.00225343 0.00258105 0.00295293 0.00337427 0.00385083 0.00438886 0.00499523 0.00567736 0.00644339 0.00730207 0.00826294 0.00933623 0.0105331 0.0118652 0.0133456 0.0149878 0.0168064 0.0188171 0.0210364 0.0234821 0.0261729 0.0291286 0.0323706 0.0359209 0.0398034 0.0440428 0.0486658 0.0536999 0.0591749 0.0651217 0.0715734 0.0785649 0.0861333 0.094318 0.103161 0.112707 0.123005 0.134106 0.146067 0.158947 0.172812 0.187735 0.203793 0.221072 0.239667 0.25968 0.281226 0.304427 0.329421 0.356353 0.385379 0.416666 0.450382 0.486696 0.525765 0.567725 0.612669 0.660631 0.711556 0.765278 0.821498 0.879768 0.939502 1 
0 6.33165e-06 1.27215e-05 1.92301e-05 2.59217e-05 3.28677e-05 4.01475e-05 4.78528e-05 5.60881e-05 6.49762e-05 7.46585e-05 8.53024e-05 9.71007e-05 0.000110281 0.000125106 0.000141884 0.000160968 0.000182772 0.00020777 0.000236512 0.000269623 0.000307828 0.000351947 0.000402924 0.000461824 0.000529866 0.00060842 0.000699042 0.000803478 0.000923702 0.00106191 0.00122059 0.00140248 0.00161067 0.00184856 0.00211995 0.00242901 0.00278039 0.00317916 0.00363093 0.00414182 0.00471855 0.00536842 0.00609943 0.0069202 0.00784015 0.00886939 0.0100189 0.0113005 0.0127268 0.0143115 0.0160691 0.0180151 0.0201662 0.0225399 0.025155 0.0280315 0.0311904 0.0346539 0.0384457 0.0425907 0.0471151 0.0520464 0.0574141 0.0632486 0.0695826 0.0764501 0.0838872 0.091932 0.100625 0.110009 0.120129 0.131034 0.142775 0.155409 0.168993 0.183593 0.199277 0.21612 0.234203 0.253612 0.274443 0.296798 0.320785 0.346524 0.374136 0.403753 0.435504 0.469521 0.505925 0.544825 0.5863 0.630389 0.677077 0.726273 0.777797 0.831368 0.886596 0.942995 1 
0 7.3673e-06 1.47953e-05 2.23469e-05 3.00897e-05 3.80977e-05 4.64553e-05 5.52576e-05 6.46164e-05 7.46597e-05 8.55392e-05 9.743e-05 0.000110539 0.000125106 0.000141412 0.000159783 0.000180598 0.000204293 0.000231378 0.000262433 0.00029813 0.000339235 0.000386629 0.00044131 0.00050442 0.00057725 0.000661267 0.00075812 0.00086968 0.000998034 0.00114554 0.00131482 0.00150882 0.0017308 0.0019844 0.00227364 0.00260299 0.00297736 0.00340216 0.00388334 0.00442742 0.00504151 0.00573342 0.00651156 0.00738517 0.00836415 0.00945932 0.0106822 0.0120455 0.0135623 0.0152473 0.0171158 0.0191841 0.0214698 0.0239916 0.0267691 0.0298233 0.0331763 0.0368516 0.0408738 0.0452689 0.0500644 0.055289 0.060973 0.0671483 0.0738482 0.081108 0.0889646 0.0974569 0.106626 0.116514 0.127168 0.138636 0.150969 0.164221 0.178449 0.193716 0.210087 0.227633 0.246428 0.266553 0.288092 0.311137 0.335782 0.362128 0.390278 0.420335 0.452403 0.486577 0.522944 0.56157 0.602495 0.64572 0.691196 0.738815 0.788393 0.839673 0.892315 0.945912 1 
0 8.5689e-06 1.72003e-05 2.59594e-05 3.49156e-05 4.41466e-05 5.3739e-05 6.37934e-05 7.44252e-05 8.57705e-05 9.79868e-05 0.000111261 0.000125808 0.000141884 0.000159783 0.000179852 0.00020249 0.000228162 0.000257402 0.000290831 0.000329155 0.00037319 0.000423863 0.000482239 0.00054952 0.000627081 0.000716466 0.000819434 0.000937952 0.00107424 0.00123079 0.00141039 0.00161613 0.00185148 0.00212029 0.00242681 0.00277576 0.00317234 0.00362226 0.00413182 0.00470789 0.00535801 0.00609037 0.00691392 0.00783832 0.00887411 0.0100326 0.0113261 0.0127676 0.0143714 0.0161525 0.0181272 0.0203126 0.0227272 0.0253904 0.028323 0.0315468 0.0350849 0.0389618 0.0432031 0.0478358 0.0528885 0.0583907 0.064374 0.0708707 0.0779155 0.0855441 0.0937941 0.102705 0.112318 0.122676 0.133825 0.145812 0.158688 0.172506 0.18732 0.20319 0.220179 0.23835 0.257774 0.278523 0.300672 0.324302 0.349494 0.376331 0.404898 0.435276 0.467544 0.501769 0.538007 0.576295 0.616642 0.659023 0.703368 0.74956 0.797421 0.846715 0.897147 0.94837 1 
0 9.96582e-06 1.99955e-05 3.01553e-05 4.05171e-05 5.11595e-05 6.21733e-05 7.36612e-05 8.57446e-05 9.85636e-05 0.000112285 0.0001271 0.00014324 0.000160968 0.000180598 0.00020249 0.000227068 0.000254818 0.000286306 0.000322181 0.000363194 0.000410197 0.000464175 0.000526242 0.000597673 0.000679908 0.000774587 0.000883546 0.00100887 0.0011529 0.00131825 0.00150785 0.00172498 0.00197327 0.00225679 0.00257999 0.00294785 0.00336583 0.00383996 0.00437682 0.00498367 0.0056684 0.00643965 0.00730676 0.00827995 0.00937018 0.0105894 0.0119504 0.0134669 0.0151538 0.0170269 0.019103 0.0214003 0.0239378 0.0267359 0.0298161 0.0332012 0.0369152 0.0409834 0.0454324 0.0502902 0.0555859 0.0613503 0.0676154 0.0744148 0.0817832 0.0897573 0.098375 0.107676 0.117701 0.128495 0.1401 0.152566 0.165939 0.180272 0.195617 0.212031 0.229571 0.248298 0.268274 0.289565 0.312237 0.33636 0.362001 0.389231 0.418116 0.448719 0.481096 0.515294 0.551343 0.589257 0.629023 0.670597 0.7139 0.758809 0.805155 0.852725 0.901258 0.950459 1 
0 1.15922e-05 2.32487e-05 3.50368e-05 4.70287e-05 5.93055e-05 7.19586e-05 8.50953e-05 9.88387e-05 0.000113336 0.000128757 0.000145306 0.000163218 0.000182772 0.000204293 0.000228162 0.000254818 0.000284774 0.00031862 0.000357041 0.000400818 0.000450853 0.00050817 0.000573948 0.000649515 0.000736391 0.000836283 0.000951135 0.00108312 0.00123469 0.0014086 0.00160792 0.00183606 0.00209687 0.00239456 0.00273385 0.00311992 0.00355849 0.00405587 0.00461897 0.00525534 0.00597328 0.00678177 0.00769064 0.00871048 0.00985283 0.0111301 0.0125556 0.0141437 0.0159099 0.0178706 0.0200435 0.0224471 0.0251016 0.0280278 0.0312482 0.0347862 0.0386669 0.0429161 0.0475615 0.0526315 0.0581564 0.0641674 0.0706974 0.0777803 0.0854517 0.0937482 0.102708 0.112372 0.122779 0.133974 0.146 0.158903 0.17273 0.187531 0.203356 0.220257 0.238288 0.257505 0.277965 0.299724 0.322842 0.347378 0.373388 0.400928 0.43005 0.460802 0.49322 0.527334 0.563155 0.600679 0.639878 0.680695 0.723044 0.766803 0.811814 0.857882 0.904778 0.952244 1 
0 1.34871e-05 2.70385e-05 4.07208e-05 5.4607e-05 6.87781e-05 8.33278e-05 9.83637e-05 0.000114014 0.000130428 0.000147783 0.000166287 0.000186187 0.00020777 0.000231378 0.000257402 0.000286306 0.00031862 0.000354965 0.000396049 0.000442696 0.00049584 0.000556561 0.000626079 0.000705793 0.000797279 0.000902336 0.00102298 0.00116149 0.00132042 0.00150266 0.00171139 0.00195021 0.00222308 0.00253446 0.00288922 0.00329279 0.00375113 0.00427082 0.00485904 0.0055237 0.00627339 0.00711751 0.00806624 0.00913066 0.0103227 0.0116553 0.0131422 0.0147986 0.0166402 0.0186843 0.020949 0.0234537 0.0262189 0.0292666 0.0326196 0.0363024 0.0403404 0.0447605 0.0495907 0.0548606 0.0606007 0.0668432 0.073621 0.080969 0.0889228 0.0975196 0.106798 0.116796 0.127557 0.139121 0.151532 0.164835 0.179075 0.194299 0.210554 0.227891 0.246358 0.266007 0.286887 0.309051 0.332547 0.357426 0.383735 0.411517 0.440812 0.471652 0.504061 0.538052 0.573623 0.610756 0.649411 0.689524 0.731007 0.773739 0.817572 0.86233 0.907807 0.953778 1 
0 1.5696e-05 3.14549e-05 4.73427e-05 6.34311e-05 7.98016e-05 9.6547e-05 0.000113778 0.000131622 0.000150233 0.000169793 0.000190516 0.000212656 0.000236512 0.000262433 0.000290831 0.000322181 0.000357041 0.000396049 0.00043995 0.000489592 0.000545957 0.000610159 0.000683479 0.000767362 0.000863462 0.000973636 0.0011 0.00124491 0.00141104 0.00160136 0.00181923 0.00206836 0.0023529 0.00267744 0.00304708 0.00346744 0.00394474 0.00448576 0.00509803 0.00578969 0.00656972 0.0074478 0.00843455 0.00954138 0.0107807 0.0121659 0.0137113 0.0154324 0.0173457 0.0194687 0.0218204 0.0244207 0.0272909 0.0304532 0.0339315 0.0377507 0.0419369 0.0465176 0.0515217 0.0569789 0.0629207 0.0693794 0.0763888 0.0839836 0.0922001 0.101075 0.110647 0.120956 0.132041 0.143943 0.156707 0.170373 0.184987 0.200592 0.217235 0.234959 0.253812 0.273839 0.295085 0.317595 0.341411 0.366575 0.393124 0.421092 0.450506 0.481389 0.513752 0.547595 0.582906 0.619656 0.657797 0.697262 0.73796 0.779775 0.82257 0.866181 0.910426 0.955103 1 
0 1.82705e-05 3.66017e-05 5.50572e-05 7.37077e-05 9.2632e-05 0.000111924 0.000131692 0.000152067 0.000173203 0.000195287 0.000218536 0.000243213 0.000269623 0.00029813 0.000329155 0.000363194 0.000400818 0.000442696 0.000489592 0.000542395 0.000602113 0.000669913 0.000747112 0.000835223 0.000935947 0.00105123 0.00118324 0.00133445 0.00150762 0.00170584 0.00193257 0.00219168 0.00248746 0.00282467 0.00320859 0.00364505 0.00414046 0.00470191 0.0053371 0.00605453 0.00686342 0.00777385 0.00879672 0.00994389 0.0112281 0.0126632 0.014264 0.0160464 0.0180274 0.0202252 0.0226591 0.0253497 0.0283187 0.0315892 0.0351853 0.0391327 0.0434581 0.0481896 0.0533563 0.0589889 0.0651189 0.0717793 0.079004 0.0868282 0.095288 0.104421 0.114264 0.124857 0.13624 0.148452 0.161536 0.175533 0.190484 0.206432 0.22342 0.241489 0.260682 0.28104 0.302603 0.325408 0.349493 0.374891 0.401632 0.429739 0.459233 0.490123 0.522413 0.556093 0.591142 0.627523 0.665185 0.704056 0.744046 0.785044 0.826921 0.869528 0.912698 0.956252 1 
0 2.12702e-05 4.25974e-05 6.40427e-05 8.56723e-05 0.000107564 0.000129809 0.000152515 0.000175811 0.000199855 0.000224833 0.00025097 0.000278529 0.000307828 0.000339235 0.00037319 0.000410197 0.000450853 0.00049584 0.000545957 0.000602113 0.000665362 0.000736897 0.000818096 0.00091051 0.00101591 0.0011363 0.00127394 0.00143136 0.00161144 0.00181736 0.00205271 0.00232147 0.00262809 0.00297748 0.00337511 0.00382697 0.00433972 0.00492062 0.00557768 0.00631961 0.00715596 0.00809707 0.00915424 0.0103396 0.0116664 0.0131487 0.0148019 0.0166422 0.0186871 0.0209554 0.0234667 0.0262423 0.0293043 0.0326763 0.0363831 0.0404507 0.0449065 0.0497788 0.0550976 0.0608935 0.0671989 0.0740467 0.0814713 0.0895078 0.0981926 0.107562 0.117655 0.128509 0.140164 0.152659 0.166034 0.180329 0.195585 0.21184 0.229136 0.247511 0.267003 0.287649 0.309484 0.332542 0.356852 0.382441 0.409333 0.437543 0.467082 0.497954 0.530153 0.563662 0.598454 0.634486 0.671703 0.710032 0.749384 0.789655 0.830721 0.872445 0.914676 0.957251 1 
0 2.47628e-05 4.95782e-05 7.45014e-05 9.95959e-05 0.000124934 0.000150604 0.000176711 0.000203385 0.00023078 0.000259086 0.000288526 0.000319374 0.000351947 0.000386629 0.000423863 0.000464175 0.00050817 0.000556561 0.000610159 0.000669913 0.000736897 0.000812358 0.000897699 0.000994538 0.00110469 0.00123023 0.00137348 0.00153707 0.00172394 0.0019374 0.00218113 0.00245925 0.00277633 0.00313744 0.0035482 0.00401482 0.00454409 0.00514355 0.00582139 0.00658661 0.00744898 0.0084192 0.0095088 0.0107303 0.0120972 0.0136242 0.0153267 0.0172216 0.0193267 0.0216613 0.0242454 0.0271008 0.03025 0.0337172 0.0375275 0.0417075 0.0462849 0.0512887 0.0567489 0.062697 0.069165 0.0761866 0.083796 0.0920287 0.100921 0.110509 0.12083 0.131923 0.143826 0.156578 0.170216 0.184781 0.200309 0.216839 0.234409 0.253053 0.272807 0.293704 0.315774 0.339045 0.363543 0.389288 0.416297 0.444579 0.474139 0.504974 0.53707 0.570406 0.604949 0.640654 0.67746 0.715297 0.754077 0.793698 0.834047 0.874995 0.916403 0.958123 1 
0 2.88262e-05 5.76982e-05 8.6666e-05 0.000115786 0.000145126 0.000174768 0.000204815 0.000235392 0.000266654 0.000298786 0.000332018 0.000366621 0.000402924 0.00044131 0.000482239 0.000526242 0.000573948 0.000626079 0.000683479 0.000747112 0.000818096 0.000897699 0.000987383 0.00108879 0.00120382 0.00133457 0.00148347 0.00165319 0.00184679 0.00206764 0.00231955 0.00260675 0.00293394 0.00330633 0.0037297 0.0042104 0.00475546 0.00537255 0.00607015 0.00685743 0.00774448 0.00874219 0.00986246 0.0111181 0.0125229 0.0140917 0.0158407 0.0177869 0.0199486 0.0223453 0.0249977 0.0279277 0.0311586 0.0347146 0.0386216 0.0429064 0.0475971 0.0527231 0.0583148 0.0644036 0.0710224 0.0782045 0.0859845 0.0943976 0.10348 0.113268 0.123799 0.135109 0.147238 0.160222 0.174099 0.188905 0.204678 0.221453 0.239265 0.258147 0.27813 0.299244 0.321515 0.344968 0.369621 0.395491 0.422589 0.45092 0.480481 0.511265 0.543252 0.576418 0.610724 0.646121 0.682552 0.719942 0.758208 0.797252 0.836965 0.877229 0.917915 0.958885 1 
0 3.35483e-05 6.71345e-05 0.000100799 0.000134593 0.000168575 0.000202822 0.000237429 0.00027252 0.000308241 0.000344782 0.000382366 0.000421272 0.000461824 0.00050442 0.00054952 0.000597673 0.000649515 0.000705793 0.000767362 0.000835223 0.00091051 0.000994538 0.00108879 0.00119498 0.00131503 0.00145112 0.00160572 0.0017816 0.00198186 0.00221002 0.00246993 0.00276597 0.00310294 0.0034862 0.00392165 0.00441583 0.00497592 0.00560981 0.00632613 0.00713433 0.00804467 0.00906837 0.0102175 0.0115052 0.0129456 0.014554 0.0163465 0.0183408 0.0205555 0.0230103 0.0257265 0.0287263 0.0320332 0.0356721 0.039669 0.0440512 0.0488471 0.0540864 0.0597997 0.066019 0.0727767 0.0801069 0.0880437 0.0966226 0.105879 0.11585 0.126571 0.13808 0.150413 0.163607 0.177698 0.192722 0.208714 0.225706 0.243733 0.262823 0.283006 0.304308 0.326751 0.350355 0.375137 0.401107 0.428272 0.456632 0.48618 0.516903 0.548779 0.581778 0.615859 0.650974 0.68706 0.724046 0.761851 0.80038 0.839531 0.879191 0.919241 0.959554 1 
0 3.90295e-05 7.80862e-05 0.000117202 0.000156415 0.000195778 0.000235357 0.000275243 0.000315546 0.000356417 0.000398032 0.000440622 0.000484454 0.000529866 0.00057725 0.000627081 0.000679908 0.000736391 0.000797279 0.000863462 0.000935947 0.00101591 0.00110469 0.00120382 0.00131503 0.00144031 0.00158189 0.00174231 0.00192439 0.00213133 0.0023667 0.0026345 0.00293915 0.00328562 0.00367935 0.00412642 0.00463349 0.00520792 0.00585775 0.00659184 0.0074198 0.00835217 0.00940031 0.0105767 0.0118945 0.0133683 0.0150136 0.016847 0.0188863 0.0211504 0.0236595 0.0264352 0.0294999 0.0328776 0.0365935 0.0406739 0.0451464 0.0500398 0.0553838 0.0612095 0.0675488 0.0744346 0.0819007 0.0899814 0.0987119 0.108128 0.118265 0.12916 0.140848 0.153366 0.16675 0.181033 0.196252 0.212438 0.229623 0.247839 0.267112 0.287468 0.308931 0.331521 0.355253 0.38014 0.406189 0.433402 0.461776 0.491299 0.521956 0.55372 0.586559 0.620431 0.655283 0.691056 0.727677 0.765068 0.803138 0.84179 0.880917 0.920407 0.960142 1 
0 4.5383e-05 9.07809e-05 0.000136212 0.000181704 0.000227296 0.000273046 0.000319031 0.000365359 0.000412164 0.000459628 0.000507965 0.000557454 0.00060842 0.000661267 0.000716466 0.000774587 0.000836283 0.000902336 0.000973636 0.00105123 0.0011363 0.00123023 0.00133457 0.00145112 0.00158189 0.00172918 0.00189556 0.00208395 0.0022976 0.00254018 0.00281575 0.00312887 0.00348456 0.00388844 0.00434668 0.0048661 0.00545419 0.00611919 0.00687009 0.00771675 0.00866984 0.00974103 0.0109429 0.012289 0.0137942 0.015474 0.0173455 0.0194267 0.0217369 0.0242966 0.0271275 0.0302526 0.033696 0.0374832 0.0416409 0.0461969 0.0511801 0.0566208 0.0625499 0.0689997 0.076003 0.0835936 0.0918059 0.100675 0.110236 0.120525 0.131577 0.143427 0.156112 0.169666 0.184122 0.199513 0.215872 0.233228 0.25161 0.271042 0.291549 0.313152 0.335865 0.359704 0.384676 0.410786 0.438032 0.466408 0.495899 0.526486 0.558141 0.590828 0.624503 0.659114 0.694601 0.730894 0.767914 0.805575 0.843784 0.882439 0.921434 0.960659 1 
0 5.27375e-05 0.000105474 0.000158214 0.000210968 0.000263765 0.000316644 0.000369676 0.000422951 0.000476603 0.000530793 0.000585743 0.000641714 0.000699042 0.00075812 0.000819434 0.000883546 0.000951135 0.00102298 0.0011 0.00118324 0.00127394 0.00137348 0.00148347 0.00160572 0.00174231 0.00189556 0.00206813 0.00226298 0.00248344 0.00273323 0.00301654 0.00333798 0.00370271 0.00411642 0.00458544 0.00511669 0.00571784 0.00639724 0.0071641 0.00802839 0.00900103 0.0100938 0.0113197 0.0126923 0.0142266 0.0159387 0.0178458 0.019966 0.0223191 0.0249257 0.0278079 0.0309888 0.034493 0.0383461 0.0425752 0.0472081 0.0522741 0.0578036 0.0638277 0.0703786 0.0774895 0.0851939 0.0935262 0.102521 0.112214 0.12264 0.133834 0.145831 0.158666 0.172371 0.186982 0.202528 0.21904 0.236546 0.255073 0.274644 0.295282 0.317002 0.339821 0.363747 0.388788 0.414945 0.442212 0.47058 0.500034 0.530549 0.562097 0.59464 0.628133 0.662524 0.697751 0.733747 0.770434 0.80773 0.845545 0.883782 0.922341 0.961116 1 
0 6.12371e-05 0.000122455 0.000183639 0.000244784 0.000305898 0.000367009 0.000428166 0.000489454 0.000550984 0.000612919 0.00067546 0.000738873 0.000803478 0.00086968 0.000937952 0.00100887 0.00108312 0.00116149 0.00124491 0.00133445 0.00143136 0.00153707 0.00165319 0.0017816 0.00192439 0.00208395 0.00226298 0.0024645 0.00269191 0.00294901 0.00324004 0.00356974 0.00394333 0.00436664 0.00484608 0.00538872 0.00600233 0.00669546 0.00747741 0.00835837 0.00934939 0.0104625 0.0117107 0.0131081 0.0146697 0.0164119 0.0183519 0.0205085 0.0229012 0.0255513 0.0284809 0.0317135 0.0352737 0.0391876 0.0434822 0.0481859 0.0533279 0.0589388 0.0650498 0.0716933 0.0789022 0.0867103 0.0951516 0.104261 0.114073 0.124623 0.135945 0.148073 0.161042 0.174884 0.189632 0.205314 0.221961 0.2396 0.258254 0.277946 0.298695 0.320517 0.343423 0.367422 0.392518 0.418708 0.445986 0.47434 0.503752 0.534196 0.565641 0.598049 0.631373 0.665562 0.700553 0.736281 0.77267 0.809641 0.847105 0.884971 0.923142 0.961519 1 
0 7.10453e-05 0.000142049 0.000212976 0.000283797 0.000354503 0.000425099 0.000495621 0.000566129 0.000636729 0.000707559 0.000778821 0.000850759 0.000923702 0.000998034 0.00107424 0.0011529 0.00123469 0.00132042 0.00141104 0.00150762 0.00161144 0.00172394 0.00184679 0.00198186 0.00213133 0.0022976 0.00248344 0.00269191 0.00292648 0.00319101 0.00348985 0.00382777 0.00421013 0.00464283 0.0051324 0.00568601 0.00631159 0.00701778 0.00781406 0.00871074 0.00971909 0.0108512 0.0121204 0.0135409 0.0151279 0.016898 0.0188687 0.0210588 0.0234883 0.0261785 0.0291518 0.0324319 0.0360438 0.0400135 0.0443683 0.0491368 0.0543484 0.0600336 0.0662239 0.0729516 0.0802498 0.0881519 0.0966922 0.105905 0.115825 0.126486 0.137923 0.150169 0.163258 0.177221 0.19209 0.207894 0.22466 0.242414 0.261179 0.280975 0.30182 0.323727 0.346706 0.370764 0.395902 0.422116 0.449397 0.477732 0.507099 0.537472 0.568819 0.6011 0.634269 0.668272 0.70305 0.738536 0.774657 0.811336 0.848488 0.886024 0.923852 0.961877 1 
0 8.23443e-05 0.000164622 0.000246769 0.000328735 0.000410483 0.000491998 0.000573289 0.000654404 0.000735418 0.000816468 0.000897725 0.000979439 0.00106191 0.00114554 0.00123079 0.00131825 0.0014086 0.00150266 0.00160136 0.00170584 0.00181736 0.0019374 0.00206764 0.00221002 0.0023667 0.00254018 0.00273323 0.00294901 0.00319101 0.0034632 0.00376994 0.00411615 0.00450722 0.00494917 0.00544862 0.00601287 0.00664994 0.00736862 0.0081785 0.00909006 0.0101147 0.0112647 0.0125535 0.0139955 0.0156061 0.017402 0.0194011 0.0216222 0.0240857 0.0268128 0.0298263 0.0331501 0.0368093 0.0408301 0.0452401 0.0500677 0.0553427 0.0610957 0.0673581 0.0741624 0.0815413 0.0895286 0.0981581 0.107464 0.117481 0.128242 0.139782 0.152133 0.165329 0.1794 0.194376 0.210286 0.227156 0.245011 0.263871 0.283757 0.304683 0.326662 0.349702 0.373807 0.398977 0.425206 0.452484 0.480794 0.510116 0.54042 0.571674 0.603836 0.636861 0.670694 0.705278 0.740545 0.776426 0.812844 0.849717 0.88696 0.924482 0.962194 1 
0 9.53394e-05 0.00019058 0.000285632 0.000380409 0.000474851 0.00056891 0.000662576 0.000755863 0.000848836 0.000941596 0.00103432 0.00112721 0.00122059 0.00131482 0.00141039 0.00150785 0.00160792 0.00171139 0.00181923 0.00193257 0.00205271 0.00218113 0.00231955 0.00246993 0.0026345 0.00281575 0.00301654 0.00324004 0.00348985 0.00376994 0.00408481 0.00443938 0.00483919 0.00529031 0.00579947 0.00637406 0.00702223 0.00775286 0.0085757 0.00950132 0.0105413 0.011708 0.0130152 0.0144771 0.0161097 0.0179296 0.0199549 0.0222046 0.0246992 0.0274603 0.0305108 0.0338745 0.0375769 0.0416444 0.0461046 0.0509862 0.0563188 0.0621333 0.0684611 0.0753345 0.0827865 0.0908505 0.0995603 0.10895 0.119053 0.129904 0.141536 0.15398 0.167271 0.181437 0.196507 0.21251 0.229471 0.247413 0.266356 0.286318 0.307313 0.329352 0.352441 0.376583 0.401777 0.428013 0.455282 0.483566 0.51284 0.543077 0.574242 0.606294 0.639185 0.672864 0.70727 0.742341 0.778005 0.814189 0.850812 0.887792 0.925043 0.962476 1 
0 0.000110259 0.000220384 0.000330246 0.000439732 0.000548737 0.000657192 0.000765045 0.000872292 0.000978959 0.00108514 0.00119097 0.00129665 0.00140248 0.00150882 0.00161613 0.00172498 0.00183606 0.00195021 0.00206836 0.00219168 0.00232147 0.00245925 0.00260675 0.00276597 0.00293915 0.00312887 0.00333798 0.00356974 0.00382777 0.00411615 0.00443938 0.00480253 0.00521115 0.00567143 0.00619018 0.00677491 0.00743382 0.00817596 0.00901115 0.00995013 0.0110045 0.012187 0.0135112 0.0149918 0.0166447 0.0184868 0.0205362 0.0228122 0.0253355 0.0281277 0.0312118 0.0346121 0.0383539 0.0424639 0.0469697 0.0519002 0.057285 0.0631551 0.0695418 0.0764776 0.0839952 0.0921282 0.10091 0.110374 0.120555 0.131485 0.143198 0.155726 0.169099 0.183349 0.198502 0.214587 0.231626 0.249643 0.268657 0.288683 0.309736 0.331824 0.354952 0.379123 0.404331 0.43057 0.457825 0.486079 0.515307 0.545478 0.576559 0.608507 0.641275 0.674812 0.709057 0.743949 0.779417 0.81539 0.85179 0.888536 0.925544 0.962728 1 
0 0.000127359 0.000254541 0.000381379 0.000507712 0.000633407 0.000758344 0.000882447 0.00100567 0.00112801 0.00124953 0.00137034 0.00149063 0.00161067 0.0017308 0.00185148 0.00197327 0.00209687 0.00222308 0.0023529 0.00248746 0.00262809 0.00277633 0.00293394 0.00310294 0.00328562 0.00348456 0.00370271 0.00394333 0.00421013 0.00450722 0.00483919 0.00521115 0.00562875 0.00609825 0.00662656 0.00722125 0.00789067 0.00864391 0.00949095 0.0104426 0.0115107 0.0127079 0.0140481 0.015546 0.0172177 0.0190802 0.0211518 0.023452 0.0260015 0.0288221 0.031937 0.0353704 0.0391481 0.0432965 0.0478436 0.0528182 0.0582502 0.0641702 0.07061 0.0776017 0.0851782 0.0933726 0.102219 0.111749 0.121999 0.133 0.144784 0.157385 0.170831 0.185154 0.200379 0.216534 0.233641 0.251722 0.270795 0.290876 0.311976 0.334103 0.357263 0.381453 0.406671 0.432906 0.460144 0.488366 0.517547 0.547655 0.578656 0.610506 0.643161 0.676566 0.710665 0.745394 0.780685 0.816468 0.852667 0.889202 0.925992 0.962953 1 
0 0.000146922 0.00029362 0.000439874 0.000585484 0.000730259 0.000874048 0.00101672 0.0011582 0.00129844 0.00143748 0.00157539 0.00171234 0.00184856 0.0019844 0.00212029 0.00225679 0.00239456 0.00253446 0.00267744 0.00282467 0.00297748 0.00313744 0.00330633 0.0034862 0.00367935 0.00388844 0.00411642 0.00436664 0.00464283 0.00494917 0.00529031 0.00567143 0.00609825 0.00657712 0.007115 0.00771959 0.00839929 0.00916334 0.0100218 0.0109855 0.0120665 0.0132776 0.0146327 0.0161467 0.0178358 0.0197172 0.0218092 0.0241315 0.0267049 0.0295514 0.0326941 0.0361577 0.0399677 0.0441509 0.0487352 0.0537495 0.0592237 0.0651886 0.0716758 0.0787175 0.0863463 0.0945955 0.103498 0.113088 0.123398 0.134461 0.146308 0.158972 0.172483 0.186868 0.202156 0.21837 0.235535 0.253671 0.272794 0.292919 0.314057 0.336216 0.359398 0.383602 0.408823 0.43505 0.462268 0.490456 0.519589 0.549636 0.580561 0.61232 0.644869 0.678153 0.712117 0.746697 0.781828 0.817439 0.853456 0.889801 0.926395 0.963156 1 
0 0.000169265 0.000338248 0.000506679 0.000674293 0.000840857 0.00100616 0.00117003 0.00133233 0.00149299 0.00165199 0.00180939 0.0019653 0.00211995 0.00227364 0.00242681 0.00257999 0.00273385 0.00288922 0.00304708 0.00320859 0.00337511 0.0035482 0.0037297 0.00392165 0.00412642 0.00434668 0.00458544 0.00484608 0.0051324 0.00544862 0.00579947 0.00619018 0.00662656 0.007115 0.00766259 0.00827706 0.00896695 0.00974154 0.010611 0.0115864 0.0126796 0.0139038 0.0152728 0.0168018 0.018507 0.0204057 0.0225165 0.0248589 0.0274541 0.030324 0.0334921 0.0369828 0.040822 0.0450364 0.049654 0.0547038 0.0602158 0.0662206 0.07275 0.0798359 0.0875111 0.0958086 0.104762 0.114403 0.124766 0.135883 0.147785 0.160504 0.17407 0.188509 0.20385 0.220116 0.237329 0.255509 0.274673 0.294835 0.316003 0.338185 0.361383 0.385595 0.410813 0.437028 0.464223 0.492376 0.521462 0.551449 0.5823 0.613974 0.646423 0.679596 0.713435 0.747879 0.782864 0.818318 0.854169 0.890342 0.926759 0.963338 1 
0 0.000194736 0.000389127 0.000582832 0.000775532 0.000966922 0.00115674 0.00134475 0.00153077 0.00171467 0.0018964 0.00207595 0.00225343 0.00242901 0.00260299 0.00277576 0.00294785 0.00311992 0.00329279 0.00346744 0.00364505 0.00382697 0.00401482 0.0042104 0.00441583 0.00463349 0.0048661 0.00511669 0.00538872 0.00568601 0.00601287 0.00637406 0.00677491 0.00722125 0.00771959 0.00827706 0.00890151 0.00960153 0.0103865 0.0112667 0.0122533 0.0133582 0.0145947 0.0159769 0.0175198 0.0192399 0.0211546 0.0232824 0.0256432 0.0282581 0.0311492 0.0343401 0.0378552 0.0417205 0.0459628 0.0506101 0.0556916 0.061237 0.0672772 0.0738437 0.0809687 0.0886846 0.0970244 0.106021 0.115708 0.126117 0.13728 0.14923 0.161996 0.175608 0.190094 0.205479 0.221788 0.239041 0.257258 0.276455 0.296645 0.317836 0.340034 0.363242 0.387455 0.412667 0.438865 0.466034 0.494151 0.523189 0.553118 0.583899 0.615491 0.647847 0.680915 0.714639 0.748958 0.783807 0.819117 0.854818 0.890835 0.92709 0.963505 1 
0 0.000223723 0.000447024 0.000669493 0.000890728 0.00111037 0.00132806 0.00154353 0.00175651 0.00196684 0.00217437 0.0023791 0.00258105 0.00278039 0.00297736 0.00317234 0.00336583 0.00355849 0.00375113 0.00394474 0.00414046 0.00433972 0.00454409 0.00475546 0.00497592 0.00520792 0.00545419 0.00571784 0.00600233 0.00631159 0.00664994 0.00702223 0.00743382 0.00789067 0.00839929 0.00896695 0.00960153 0.0103117 0.011107 0.0119977 0.0129951 0.0141113 0.0153595 0.016754 0.0183099 0.0200438 0.0219731 0.0241165 0.0264941 0.0291268 0.032037 0.0352482 0.0387851 0.0426737 0.0469407 0.0516144 0.0567237 0.0622986 0.0683699 0.074969 0.082128 0.0898794 0.0982559 0.107291 0.117016 0.127464 0.138668 0.150658 0.163464 0.177116 0.19164 0.207062 0.223405 0.240691 0.258937 0.278159 0.29837 0.319577 0.341785 0.364996 0.389205 0.414406 0.440585 0.467725 0.495804 0.524795 0.554665 0.585378 0.616892 0.64916 0.68213 0.715746 0.749948 0.784672 0.819851 0.855413 0.891285 0.927392 0.963657 1 
0 0.00025665 0.000512793 0.000767928 0.00102158 0.00127329 0.00152264 0.00176927 0.00201286 0.00225315 0.00248998 0.00272323 0.00295293 0.00317916 0.00340216 0.00362226 0.00383996 0.00405587 0.00427082 0.00448576 0.00470191 0.00492062 0.00514355 0.00537255 0.00560981 0.00585775 0.00611919 0.00639724 0.00669546 0.00701778 0.00736862 0.00775286 0.00817596 0.00864391 0.00916334 0.00974154 0.0103865 0.011107 0.0119126 0.0128137 0.0138216 0.0149487 0.0162081 0.0176141 0.0191822 0.0209288 0.0228715 0.0250292 0.0274219 0.0300706 0.0329979 0.0362274 0.0397837 0.0436927 0.0479816 0.0526784 0.0578121 0.0634127 0.069511 0.0761383 0.0833268 0.0911086 0.0995167 0.108584 0.118342 0.128824 0.140061 0.152084 0.164924 0.178608 0.193163 0.208615 0.224986 0.242296 0.260565 0.279805 0.30003 0.321246 0.343459 0.366668 0.390869 0.416053 0.442209 0.469318 0.497357 0.5263 0.556113 0.58676 0.618198 0.650381 0.683258 0.716772 0.750865 0.785473 0.820528 0.855962 0.891701 0.927671 0.963797 1 
0 0.000293987 0.000587366 0.000879544 0.00116994 0.00145801 0.00174324 0.00202518 0.00230343 0.00257768 0.00284764 0.0031132 0.00337427 0.00363093 0.00388334 0.00413182 0.00437682 0.00461897 0.00485904 0.00509803 0.0053371 0.00557768 0.00582139 0.00607015 0.00632613 0.00659184 0.00687009 0.0071641 0.00747741 0.00781406 0.0081785 0.0085757 0.00901115 0.00949095 0.0100218 0.010611 0.0112667 0.0119977 0.0128137 0.0137252 0.0147435 0.015881 0.0171511 0.0185681 0.0201475 0.0219059 0.023861 0.0260317 0.0284379 0.0311011 0.0340436 0.0372892 0.0408625 0.0447896 0.0490976 0.0538144 0.0589693 0.064592 0.0707134 0.0773649 0.0845784 0.0923861 0.100821 0.109915 0.1197 0.13021 0.141475 0.153526 0.166392 0.180102 0.194682 0.210156 0.226548 0.243877 0.262161 0.281413 0.301646 0.322865 0.345076 0.368277 0.392465 0.41763 0.443759 0.470834 0.498832 0.527725 0.557481 0.588062 0.619427 0.651528 0.684316 0.717734 0.751723 0.786221 0.821161 0.856474 0.892089 0.927932 0.963927 1 
